1729605698184 0.00633 0
1729605716560 0.00712 1
1729605737243 0.01676 2
1729605756547 0.04822 3
1729605775109 0.07919 4
1729605794574 0.1208 5
1729605813821 0.13804 6
1729605834616 0.1574 7
1729605854301 0.17919 8
1729605874300 0.19764 9
1729605894107 0.19804 10
1729605912654 0.17245 11
1729605931159 0.17294 12
1729605950499 0.20533 13
1729605968865 0.24461 14
1729605987529 0.24766 15
1729606005910 0.24544 16
1729606024304 0.23248 17
1729606042775 0.21508 18
1729606061320 0.16918 19
1729606079700 0.1688 20
1729606098172 0.15493 21
1729606116477 0.18853 22
1729606135005 0.20779 23
1729606153900 0.24506 24
1729606173053 0.2254 25
1729606191402 0.22543 26
1729606209844 0.22474 27
1729606228642 0.21312 28
1729606246966 0.21153 29
1729606265294 0.20969 30
1729606283524 0.21479 31
1729606301973 0.21354 32
1729606320548 0.21708 33
1729606338946 0.21032 34
1729606357322 0.20716 35
1729606375573 0.21056 36
1729606393894 0.20701 37
1729606412227 0.20774 38
1729606430437 0.21156 39
1729606448750 0.21872 40
1729606467237 0.2211 41
1729606485673 0.21875 42
1729606503836 0.21972 43
1729606522432 0.2148 44
1729606540724 0.21372 45
1729606559128 0.21104 46
1729606577455 0.20122 47
1729606595960 0.18404 48
1729606614466 0.18366 49
1729606633011 0.19904 50
1729606651316 0.22401 51
1729606669518 0.23478 52
1729606687870 0.26388 53
1729606706565 0.27923 54
1729606725130 0.29113 55
1729606743536 0.28416 56
1729606762099 0.29483 57
1729606780484 0.2759 58
1729606802418 0.27798 59
1729606822303 0.26619 60
1729606842924 0.26372 61
1729606862949 0.2702 62
1729606881981 0.26775 63
1729606901403 0.27221 64
1729606921155 0.28286 65
1729606940647 0.28794 66
1729606960145 0.27635 67
1729606979625 0.27517 68
1729606998943 0.28092 69
1729607018843 0.28234 70
1729607038419 0.31591 71
1729607058274 0.32305 72
1729607077969 0.30945 73
1729607097272 0.32862 74
1729607117451 0.31712 75
1729607137062 0.29629 76
1729607157319 0.29788 77
1729607176759 0.30254 78
1729607199457 0.30217 79
1729607219276 0.31932 80
1729607237923 0.35212 81
1729607256952 0.37406 82
1729607275702 0.3628 83
1729607294503 0.36651 84
1729607313373 0.36665 85
1729607331848 0.36566 86
1729607350368 0.39853 87
1729607369519 0.39861 88
1729607388180 0.38677 89
1729607405894 0.39031 90
1729607423623 0.39697 91
1729607441691 0.41909 92
1729607460590 0.42302 93
1729607478196 0.42658 94
1729607496022 0.43212 95
1729607514122 0.44567 96
1729607531914 0.44192 97
1729607550185 0.45026 98
1729607569455 0.454 99
1729607575129 0.45394143968043443 99
