1729605698184 0.0023 0
1729605716560 0.0031 1
1729605737243 0.00745 2
1729605756547 0.022 3
1729605775109 0.0379 4
1729605794574 0.05797 5
1729605813821 0.06706 6
1729605834616 0.07952 7
1729605854301 0.09228 8
1729605874300 0.10756 9
1729605894107 0.11379 10
1729605912654 0.09932 11
1729605931159 0.09321 12
1729605950499 0.11669 13
1729605968865 0.14665 14
1729605987529 0.15195 15
1729606005910 0.14104 16
1729606024304 0.1252 17
1729606042775 0.11558 18
1729606061320 0.09273 19
1729606079700 0.08983 20
1729606098172 0.07975 21
1729606116477 0.09946 22
1729606135005 0.11616 23
1729606153900 0.13648 24
1729606173053 0.12026 25
1729606191402 0.12096 26
1729606209844 0.12288 27
1729606228642 0.12218 28
1729606246966 0.12345 29
1729606265294 0.1197 30
1729606283524 0.12224 31
1729606301973 0.12017 32
1729606320548 0.12287 33
1729606338946 0.11617 34
1729606357322 0.11498 35
1729606375573 0.12098 36
1729606393894 0.11575 37
1729606412227 0.11474 38
1729606430437 0.11815 39
1729606448750 0.12497 40
1729606467237 0.13063 41
1729606485673 0.13122 42
1729606503836 0.12756 43
1729606522432 0.11903 44
1729606540724 0.11877 45
1729606559128 0.11742 46
1729606577455 0.10777 47
1729606595960 0.09106 48
1729606614466 0.08976 49
1729606633011 0.10727 50
1729606651316 0.12356 51
1729606669518 0.13142 52
1729606687870 0.15419 53
1729606706565 0.15959 54
1729606725130 0.16562 55
1729606743536 0.17004 56
1729606762099 0.18363 57
1729606780484 0.17614 58
1729606802418 0.17487 59
1729606822303 0.16198 60
1729606842924 0.1546 61
1729606862949 0.16155 62
1729606881981 0.15807 63
1729606901403 0.16201 64
1729606921155 0.16562 65
1729606940647 0.17062 66
1729606960145 0.17279 67
1729606979625 0.17107 68
1729606998943 0.16957 69
1729607018843 0.16982 70
1729607038419 0.18867 71
1729607058274 0.20267 72
1729607077969 0.19033 73
1729607097272 0.20849 74
1729607117451 0.19962 75
1729607137062 0.17528 76
1729607157319 0.16854 77
1729607176759 0.16595 78
1729607199457 0.16865 79
1729607219276 0.18187 80
1729607237923 0.21233 81
1729607256952 0.23033 82
1729607275702 0.22463 83
1729607294503 0.2289 84
1729607313373 0.22837 85
1729607331848 0.23031 86
1729607350368 0.26023 87
1729607369519 0.25916 88
1729607388180 0.24726 89
1729607405894 0.24848 90
1729607423623 0.2565 91
1729607441691 0.27479 92
1729607460590 0.27092 93
1729607478196 0.27418 94
1729607496022 0.27484 95
1729607514122 0.28422 96
1729607531914 0.28393 97
1729607550185 0.28926 98
1729607569455 0.29379 99
1729607575129 0.2937327243776541 99
