1729605698184 0.00869 0
1729605716560 0.00855 1
1729605737243 0.01135 2
1729605756547 0.01733 3
1729605775109 0.02254 4
1729605794574 0.02879 5
1729605813821 0.03393 6
1729605834616 0.03624 7
1729605854301 0.04045 8
1729605874300 0.94481 9
1729605894107 0.94337 10
1729605912654 0.93314 11
1729605931159 0.92966 12
1729605950499 0.92864 13
1729605968865 0.92527 14
1729605987529 0.9161 15
1729606005910 0.71185 16
1729606024304 0.64532 17
1729606042775 0.91691 18
1729606061320 0.91336 19
1729606079700 0.91887 20
1729606098172 0.90369 21
1729606116477 0.63394 22
1729606135005 0.64636 23
1729606153900 0.64901 24
1729606173053 0.64843 25
1729606191402 0.64289 26
1729606209844 0.63723 27
1729606228642 0.64674 28
1729606246966 0.93535 29
1729606265294 0.92483 30
1729606283524 0.64329 31
1729606301973 0.64923 32
1729606320548 0.65847 33
1729606338946 0.65647 34
1729606357322 0.64628 35
1729606375573 0.65595 36
1729606393894 0.65631 37
1729606412227 0.66191 38
1729606430437 0.66168 39
1729606448750 0.66801 40
1729606467237 0.66381 41
1729606485673 0.65647 42
1729606503836 0.65925 43
1729606522432 0.66923 44
1729606540724 0.66794 45
1729606559128 0.66514 46
1729606577455 0.65589 47
1729606595960 0.66093 48
1729606614466 0.65045 49
1729606633011 0.64535 50
1729606651316 0.66906 51
1729606669518 0.4235 52
1729606687870 0.58422 53
1729606706565 0.49148 54
1729606725130 0.4842 55
1729606743536 0.48791 56
1729606762099 0.7391 57
1729606780484 0.21723 58
1729606802418 0.2112 59
1729606822303 0.22804 60
1729606842924 0.22844 61
1729606862949 0.25614 62
1729606881981 0.26512 63
1729606901403 0.2536 64
1729606921155 0.29186 65
1729606940647 0.29931 66
1729606960145 0.27621 67
1729606979625 0.26107 68
1729606998943 0.28235 69
1729607018843 0.28061 70
1729607038419 0.28099 71
1729607058274 0.39964 72
1729607077969 0.38446 73
1729607097272 0.41244 74
1729607117451 0.67015 75
1729607137062 0.67519 76
1729607157319 0.67355 77
1729607176759 0.66927 78
1729607199457 0.66189 79
1729607219276 0.70429 80
1729607237923 0.73608 81
1729607256952 0.76837 82
1729607275702 0.36484 83
1729607294503 0.40384 84
1729607313373 0.38041 85
1729607331848 0.66106 86
1729607350368 0.65814 87
1729607369519 0.61821 88
1729607388180 0.70433 89
1729607405894 0.66586 90
1729607423623 0.66882 91
1729607441691 0.90734 92
1729607460590 0.84659 93
1729607478196 0.85468 94
1729607496022 0.87 95
1729607514122 0.57453 96
1729607531914 0.58449 97
1729607550185 0.87607 98
1729607569455 0.54538 99
1729607575129 0.5465658753952778 99
