1729605698184 0.25661 0
1729605716560 0.25661 1
1729605737243 0.31207 2
1729605756547 0.4681 3
1729605775109 0.5773 4
1729605794574 0.68822 5
1729605813821 0.78879 6
1729605834616 0.79914 7
1729605854301 0.68276 8
1729605874300 0.11379 9
1729605894107 0.11897 10
1729605912654 0.1228 11
1729605931159 0.12771 12
1729605950499 0.14828 13
1729605968865 0.16897 14
1729605987529 0.17749 15
1729606005910 0.22098 16
1729606024304 0.21236 17
1729606042775 0.13793 18
1729606061320 0.11897 19
1729606079700 0.12069 20
1729606098172 0.11897 21
1729606116477 0.15172 22
1729606135005 0.16314 23
1729606153900 0.16897 24
1729606173053 0.16552 25
1729606191402 0.17069 26
1729606209844 0.17833 27
1729606228642 0.1813 28
1729606246966 0.16034 29
1729606265294 0.16552 30
1729606283524 0.19828 31
1729606301973 0.2 32
1729606320548 0.20001 33
1729606338946 0.18448 34
1729606357322 0.18276 35
1729606375573 0.18621 36
1729606393894 0.18408 37
1729606412227 0.18621 38
1729606430437 0.18276 39
1729606448750 0.18103 40
1729606467237 0.18103 41
1729606485673 0.19138 42
1729606503836 0.1931 43
1729606522432 0.18786 44
1729606540724 0.16937 45
1729606559128 0.16552 46
1729606577455 0.1628 47
1729606595960 0.15862 48
1729606614466 0.15517 49
1729606633011 0.16284 50
1729606651316 0.21063 51
1729606669518 0.20201 52
1729606687870 0.36172 53
1729606706565 0.36695 54
1729606725130 0.3704 55
1729606743536 0.30991 56
1729606762099 0.25781 57
1729606780484 0.35245 58
1729606802418 0.35316 59
1729606822303 0.46688 60
1729606842924 0.51331 61
1729606862949 0.56377 62
1729606881981 0.57529 63
1729606901403 0.45374 64
1729606921155 0.58736 65
1729606940647 0.59598 66
1729606960145 0.538 67
1729606979625 0.40508 68
1729606998943 0.39023 69
1729607018843 0.34844 70
1729607038419 0.244 71
1729607058274 0.22443 72
1729607077969 0.2255 73
1729607097272 0.17931 74
1729607117451 0.17414 75
1729607137062 0.17759 76
1729607157319 0.18004 77
1729607176759 0.18103 78
1729607199457 0.18691 79
1729607219276 0.22081 80
1729607237923 0.25303 81
1729607256952 0.32833 82
1729607275702 0.31974 83
1729607294503 0.39636 84
1729607313373 0.36667 85
1729607331848 0.36494 86
1729607350368 0.36667 87
1729607369519 0.36101 88
1729607388180 0.3181 89
1729607405894 0.31983 90
1729607423623 0.35961 91
1729607441691 0.35029 92
1729607460590 0.34476 93
1729607478196 0.33229 94
1729607496022 0.32384 95
1729607514122 0.36205 96
1729607531914 0.35754 97
1729607550185 0.33677 98
1729607569455 0.38188 99
1729607575129 0.38123062482771297 99
