1729602439269 0.02404 0
1729602455899 0.09851 1
1729602474331 0.131 2
1729602494470 0.17179 3
1729602513212 0.20668 4
1729602531800 0.23019 5
1729602550977 0.2208 6
1729602569103 0.20784 7
1729602586988 0.22376 8
1729602605783 0.27753 9
1729602626088 0.26255 10
1729602645973 0.2533 11
1729602666224 0.2574 12
1729602686906 0.2574 13
1729602709402 0.23817 14
1729602729062 0.23568 15
1729602748336 0.21887 16
1729602768280 0.22438 17
1729602787832 0.22815 18
1729602813185 0.23208 19
1729602832204 0.2274 20
1729602851971 0.2274 21
1729602871725 0.22175 22
1729602892481 0.23775 23
1729602909941 0.23395 24
1729602928854 0.22836 25
1729602946730 0.23382 26
1729602963769 0.23634 27
1729602980196 0.23546 28
1729602998336 0.23546 29
1729603019194 0.22544 30
1729603036730 0.2264 31
1729603054667 0.22471 32
1729603072758 0.22965 33
1729603092767 0.22751 34
1729603110315 0.23029 35
1729603126545 0.24028 36
1729603142457 0.24028 37
1729603158566 0.25262 38
1729603174623 0.25867 39
1729603190803 0.2427 40
1729603206720 0.23341 41
1729603222903 0.23531 42
1729603238829 0.23423 43
1729603254716 0.23379 44
1729603270901 0.23379 45
1729603287059 0.22743 46
1729603303321 0.23048 47
1729603319636 0.22747 48
1729603335940 0.23362 49
1729603352322 0.23283 50
1729603368572 0.23635 51
1729603384718 0.2306 52
1729603400759 0.2306 53
1729603416794 0.22704 54
1729603432959 0.22505 55
1729603449685 0.23104 56
1729603465978 0.22478 57
1729603481803 0.22889 58
1729603497873 0.22911 59
1729603503337 0.2774315784831221 59
