1729602439269 0.01153 0
1729602455899 0.04302 1
1729602474331 0.06145 2
1729602494470 0.09328 3
1729602513212 0.10483 4
1729602531800 0.1134 5
1729602550977 0.1138 6
1729602569103 0.11538 7
1729602586988 0.11635 8
1729602605783 0.14739 9
1729602626088 0.13738 10
1729602645973 0.13951 11
1729602666224 0.14214 12
1729602686906 0.14214 13
1729602709402 0.12964 14
1729602729062 0.12578 15
1729602748336 0.11482 16
1729602768280 0.12058 17
1729602787832 0.12239 18
1729602813185 0.13048 19
1729602832204 0.12453 20
1729602851971 0.12453 21
1729602871725 0.12176 22
1729602892481 0.13459 23
1729602909941 0.12924 24
1729602928854 0.13119 25
1729602946730 0.13307 26
1729602963769 0.13226 27
1729602980196 0.13506 28
1729602998336 0.13506 29
1729603019194 0.12903 30
1729603036730 0.13012 31
1729603054667 0.1272 32
1729603072758 0.13168 33
1729603092767 0.13333 34
1729603110315 0.13396 35
1729603126545 0.13776 36
1729603142457 0.13776 37
1729603158566 0.13535 38
1729603174623 0.14655 39
1729603190803 0.14466 40
1729603206720 0.13569 41
1729603222903 0.13072 42
1729603238829 0.14022 43
1729603254716 0.13732 44
1729603270901 0.13732 45
1729603287059 0.11967 46
1729603303321 0.11435 47
1729603319636 0.12118 48
1729603335940 0.13265 49
1729603352322 0.13551 50
1729603368572 0.13474 51
1729603384718 0.13333 52
1729603400759 0.13333 53
1729603416794 0.12601 54
1729603432959 0.11307 55
1729603449685 0.11239 56
1729603465978 0.11857 57
1729603481803 0.13203 58
1729603497873 0.1312 59
1729603503337 0.1474779206391765 59
