1729602439269 0.01281 0
1729602455899 0.02373 1
1729602474331 0.0304 2
1729602494470 0.03698 3
1729602513212 0.9244 4
1729602531800 0.90864 5
1729602550977 0.89521 6
1729602569103 0.66623 7
1729602586988 0.66696 8
1729602605783 0.68097 9
1729602626088 0.25116 10
1729602645973 0.25904 11
1729602666224 0.27589 12
1729602686906 0.27589 13
1729602709402 0.7489 14
1729602729062 0.72134 15
1729602748336 0.66115 16
1729602768280 0.64022 17
1729602787832 0.93359 18
1729602813185 0.91798 19
1729602832204 0.92384 20
1729602851971 0.92384 21
1729602871725 0.92851 22
1729602892481 0.38517 23
1729602909941 0.43152 24
1729602928854 0.39566 25
1729602946730 0.39967 26
1729602963769 0.40227 27
1729602980196 0.93591 28
1729602998336 0.93591 29
1729603019194 0.92512 30
1729603036730 0.92637 31
1729603054667 0.92609 32
1729603072758 0.93509 33
1729603092767 0.94491 34
1729603110315 0.9316 35
1729603126545 0.92319 36
1729603142457 0.92319 37
1729603158566 0.9279 38
1729603174623 0.89019 39
1729603190803 0.68208 40
1729603206720 0.69232 41
1729603222903 0.69059 42
1729603238829 0.65259 43
1729603254716 0.92886 44
1729603270901 0.92886 45
1729603287059 0.93016 46
1729603303321 0.93648 47
1729603319636 0.92818 48
1729603335940 0.92156 49
1729603352322 0.92261 50
1729603368572 0.92277 51
1729603384718 0.92722 52
1729603400759 0.92722 53
1729603416794 0.9373 54
1729603432959 0.92749 55
1729603449685 0.9165 56
1729603465978 0.92167 57
1729603481803 0.92724 58
1729603497873 0.92397 59
1729603503337 0.6809207252617943 59
