1729602439269 0.36408 0
1729602455899 0.58937 1
1729602474331 0.73506 2
1729602494470 0.80776 3
1729602513212 0.12729 4
1729602531800 0.15866 5
1729602550977 0.17759 6
1729602569103 0.23477 7
1729602586988 0.2227 8
1729602605783 0.22005 9
1729602626088 0.39454 10
1729602645973 0.36146 11
1729602666224 0.39037 12
1729602686906 0.39037 13
1729602709402 0.218 14
1729602729062 0.22615 15
1729602748336 0.23305 16
1729602768280 0.24511 17
1729602787832 0.19066 18
1729602813185 0.19774 19
1729602832204 0.19679 20
1729602851971 0.19679 21
1729602871725 0.18512 22
1729602892481 0.34052 23
1729602909941 0.29195 24
1729602928854 0.29368 25
1729602946730 0.24684 26
1729602963769 0.33038 27
1729602980196 0.17507 28
1729602998336 0.17507 29
1729603019194 0.18966 30
1729603036730 0.19828 31
1729603054667 0.1931 32
1729603072758 0.19172 33
1729603092767 0.1769 34
1729603110315 0.19682 35
1729603126545 0.18661 36
1729603142457 0.18661 37
1729603158566 0.18793 38
1729603174623 0.21379 39
1729603190803 0.24684 40
1729603206720 0.2343 41
1729603222903 0.23097 42
1729603238829 0.20172 43
1729603254716 0.19072 44
1729603270901 0.19072 45
1729603287059 0.19125 46
1729603303321 0.16703 47
1729603319636 0.17538 48
1729603335940 0.19231 49
1729603352322 0.18844 50
1729603368572 0.19138 51
1729603384718 0.18276 52
1729603400759 0.18276 53
1729603416794 0.16996 54
1729603432959 0.17303 55
1729603449685 0.17759 56
1729603465978 0.19655 57
1729603481803 0.19739 58
1729603497873 0.19724 59
1729603503337 0.22008279623333746 59
