1729610047868 0.0078 0
1729610066284 0.04053 1
1729610085431 0.08578 2
1729610103794 0.13556 3
1729610123997 0.14161 4
1729610142370 0.16803 5
1729610161107 0.18874 6
1729610179721 0.19345 7
1729610198679 0.19821 8
1729610216842 0.20277 9
1729610235481 0.19973 10
1729610253009 0.20466 11
1729610270174 0.21406 12
1729610287037 0.2752 13
1729610304202 0.26643 14
1729610321134 0.23148 15
1729610337727 0.23228 16
1729610354668 0.24487 17
1729610371562 0.23176 18
1729610389828 0.23675 19
1729610408018 0.24508 20
1729610427050 0.25728 21
1729610445995 0.25834 22
1729610465048 0.28588 23
1729610484156 0.29291 24
1729610502360 0.26667 25
1729610520399 0.21979 26
1729610538837 0.22612 27
1729610557339 0.22675 28
1729610575462 0.23281 29
1729610593969 0.22483 30
1729610612470 0.25262 31
1729610630654 0.2412 32
1729610649168 0.21546 33
1729610667584 0.20679 34
1729610685826 0.20559 35
1729610704162 0.20496 36
1729610722329 0.22256 37
1729610740653 0.26677 38
1729610760288 0.27205 39
1729610778777 0.29198 40
1729610797060 0.30987 41
1729610815256 0.29694 42
1729610833343 0.30949 43
1729610851745 0.30567 44
1729610871699 0.2948 45
1729610890931 0.2959 46
1729610909040 0.29574 47
1729610927227 0.3062 48
1729610945413 0.30112 49
1729610963995 0.33547 50
1729610982409 0.34652 51
1729611000829 0.34146 52
1729611021405 0.35424 53
1729611040470 0.33638 54
1729611059675 0.31577 55
1729611079042 0.30698 56
1729611098881 0.30295 57
1729611119339 0.32977 58
1729611138610 0.34309 59
1729611158874 0.35554 60
1729611178838 0.34736 61
1729611198549 0.3496 62
1729611217667 0.3498 63
1729611237947 0.34254 64
1729611257584 0.35084 65
1729611277703 0.35061 66
1729611297391 0.34533 67
1729611317623 0.32069 68
1729611336479 0.32075 69
1729611357586 0.31552 70
1729611378533 0.32298 71
1729611399170 0.30915 72
1729611418799 0.32306 73
1729611438088 0.33047 74
1729611457181 0.34642 75
1729611477558 0.34321 76
1729611496613 0.34126 77
1729611515527 0.33615 78
1729611534089 0.33421 79
1729611553126 0.32936 80
1729611572240 0.32949 81
1729611592258 0.32609 82
1729611611602 0.32045 83
1729611630877 0.31863 84
1729611650386 0.325 85
1729611669140 0.32851 86
1729611688292 0.3265 87
1729611707929 0.33948 88
1729611727735 0.33821 89
1729611747095 0.35253 90
1729611765634 0.34412 91
1729611783939 0.36474 92
1729611802317 0.37196 93
1729611820698 0.40368 94
1729611839862 0.41962 95
1729611858093 0.40982 96
1729611876151 0.35948 97
1729611894521 0.35324 98
1729611912781 0.34099 99
1729611918178 0.4200572919807567 99
