1729610047868 0.00324 0
1729610066284 0.01942 1
1729610085431 0.0409 2
1729610103794 0.07118 3
1729610123997 0.07373 4
1729610142370 0.08836 5
1729610161107 0.1007 6
1729610179721 0.10707 7
1729610198679 0.11131 8
1729610216842 0.11652 9
1729610235481 0.11253 10
1729610253009 0.10533 11
1729610270174 0.1104 12
1729610287037 0.15898 13
1729610304202 0.15098 14
1729610321134 0.12689 15
1729610337727 0.12671 16
1729610354668 0.12984 17
1729610371562 0.12484 18
1729610389828 0.12821 19
1729610408018 0.14266 20
1729610427050 0.15035 21
1729610445995 0.13839 22
1729610465048 0.15612 23
1729610484156 0.16393 24
1729610502360 0.15026 25
1729610520399 0.11714 26
1729610538837 0.12117 27
1729610557339 0.12786 28
1729610575462 0.12368 29
1729610593969 0.11293 30
1729610612470 0.13613 31
1729610630654 0.14133 32
1729610649168 0.12383 33
1729610667584 0.1163 34
1729610685826 0.12167 35
1729610704162 0.11664 36
1729610722329 0.1268 37
1729610740653 0.16372 38
1729610760288 0.16444 39
1729610778777 0.1691 40
1729610797060 0.18119 41
1729610815256 0.17403 42
1729610833343 0.17991 43
1729610851745 0.17969 44
1729610871699 0.17158 45
1729610890931 0.17528 46
1729610909040 0.17365 47
1729610927227 0.17181 48
1729610945413 0.16726 49
1729610963995 0.19246 50
1729610982409 0.19395 51
1729611000829 0.19169 52
1729611021405 0.20282 53
1729611040470 0.18658 54
1729611059675 0.17264 55
1729611079042 0.17191 56
1729611098881 0.17314 57
1729611119339 0.19183 58
1729611138610 0.19904 59
1729611158874 0.20349 60
1729611178838 0.2036 61
1729611198549 0.21485 62
1729611217667 0.2106 63
1729611237947 0.20796 64
1729611257584 0.21202 65
1729611277703 0.21 66
1729611297391 0.21424 67
1729611317623 0.20237 68
1729611336479 0.19815 69
1729611357586 0.19057 70
1729611378533 0.19616 71
1729611399170 0.19179 72
1729611418799 0.19583 73
1729611438088 0.20543 74
1729611457181 0.21657 75
1729611477558 0.21325 76
1729611496613 0.2 77
1729611515527 0.18949 78
1729611534089 0.18408 79
1729611553126 0.18524 80
1729611572240 0.18967 81
1729611592258 0.19093 82
1729611611602 0.17704 83
1729611630877 0.17455 84
1729611650386 0.17295 85
1729611669140 0.18535 86
1729611688292 0.18654 87
1729611707929 0.20311 88
1729611727735 0.20157 89
1729611747095 0.20456 90
1729611765634 0.2037 91
1729611783939 0.21602 92
1729611802317 0.2253 93
1729611820698 0.25012 94
1729611839862 0.25823 95
1729611858093 0.2532 96
1729611876151 0.22285 97
1729611894521 0.21376 98
1729611912781 0.20336 99
1729611918178 0.25827548441526826 99
