1729610047868 0.00949 0
1729610066284 0.01598 1
1729610085431 0.02518 2
1729610103794 0.03583 3
1729610123997 0.03844 4
1729610142370 0.04215 5
1729610161107 0.95833 6
1729610179721 0.92437 7
1729610198679 0.91063 8
1729610216842 0.91267 9
1729610235481 0.63858 10
1729610253009 0.62749 11
1729610270174 0.63392 12
1729610287037 0.62189 13
1729610304202 0.62186 14
1729610321134 0.92303 15
1729610337727 0.93103 16
1729610354668 0.61559 17
1729610371562 0.41966 18
1729610389828 0.42423 19
1729610408018 0.39061 20
1729610427050 0.63481 21
1729610445995 0.54282 22
1729610465048 0.5804 23
1729610484156 0.43985 24
1729610502360 0.4491 25
1729610520399 0.43754 26
1729610538837 0.38331 27
1729610557339 0.39421 28
1729610575462 0.38289 29
1729610593969 0.37028 30
1729610612470 0.46998 31
1729610630654 0.6525 32
1729610649168 0.65829 33
1729610667584 0.65341 34
1729610685826 0.6625 35
1729610704162 0.68221 36
1729610722329 0.69586 37
1729610740653 0.7118 38
1729610760288 0.68994 39
1729610778777 0.55045 40
1729610797060 0.55598 41
1729610815256 0.60189 42
1729610833343 0.67033 43
1729610851745 0.54574 44
1729610871699 0.57885 45
1729610890931 0.55706 46
1729610909040 0.81998 47
1729610927227 0.77529 48
1729610945413 0.49609 49
1729610963995 0.82038 50
1729610982409 0.91073 51
1729611000829 0.79091 52
1729611021405 0.8 53
1729611040470 0.80029 54
1729611059675 0.76384 55
1729611079042 0.75486 56
1729611098881 0.73684 57
1729611119339 0.73977 58
1729611138610 0.79675 59
1729611158874 0.94232 60
1729611178838 0.50255 61
1729611198549 0.54242 62
1729611217667 0.30905 63
1729611237947 0.25922 64
1729611257584 0.31928 65
1729611277703 0.3058 66
1729611297391 0.29912 67
1729611317623 0.3408 68
1729611336479 0.3581 69
1729611357586 0.32575 70
1729611378533 0.28075 71
1729611399170 0.29095 72
1729611418799 0.3389 73
1729611438088 0.33727 74
1729611457181 0.3386 75
1729611477558 0.34539 76
1729611496613 0.37944 77
1729611515527 0.33604 78
1729611534089 0.29848 79
1729611553126 0.34994 80
1729611572240 0.60746 81
1729611592258 0.6578 82
1729611611602 0.64376 83
1729611630877 0.61764 84
1729611650386 0.61823 85
1729611669140 0.28949 86
1729611688292 0.30794 87
1729611707929 0.24567 88
1729611727735 0.25664 89
1729611747095 0.31945 90
1729611765634 0.30645 91
1729611783939 0.3122 92
1729611802317 0.31521 93
1729611820698 0.38323 94
1729611839862 0.75056 95
1729611858093 0.78016 96
1729611876151 0.67938 97
1729611894521 0.65893 98
1729611912781 0.3369 99
1729611918178 0.7559081194929065 99
