1729610047868 0.26351 0
1729610066284 0.42126 1
1729610085431 0.62759 2
1729610103794 0.74368 3
1729610123997 0.87557 4
1729610142370 0.68621 5
1729610161107 0.10344 6
1729610179721 0.12721 7
1729610198679 0.1569 8
1729610216842 0.16379 9
1729610235481 0.30776 10
1729610253009 0.23678 11
1729610270174 0.24228 12
1729610287037 0.39626 13
1729610304202 0.36839 14
1729610321134 0.17414 15
1729610337727 0.17199 16
1729610354668 0.36839 17
1729610371562 0.41351 18
1729610389828 0.33534 19
1729610408018 0.325 20
1729610427050 0.27816 21
1729610445995 0.3319 22
1729610465048 0.37874 23
1729610484156 0.42725 24
1729610502360 0.46207 25
1729610520399 0.36494 26
1729610538837 0.32661 27
1729610557339 0.34497 28
1729610575462 0.30903 29
1729610593969 0.29885 30
1729610612470 0.32759 31
1729610630654 0.28851 32
1729610649168 0.27299 33
1729610667584 0.21408 34
1729610685826 0.20374 35
1729610704162 0.2454 36
1729610722329 0.29569 37
1729610740653 0.35115 38
1729610760288 0.39347 39
1729610778777 0.28506 40
1729610797060 0.3218 41
1729610815256 0.24303 42
1729610833343 0.28541 43
1729610851745 0.24885 44
1729610871699 0.2454 45
1729610890931 0.20631 46
1729610909040 0.20546 47
1729610927227 0.22787 48
1729610945413 0.24654 49
1729610963995 0.28161 50
1729610982409 0.27514 51
1729611000829 0.23937 52
1729611021405 0.24511 53
1729611040470 0.24506 54
1729611059675 0.26924 55
1729611079042 0.28333 56
1729611098881 0.28057 57
1729611119339 0.27471 58
1729611138610 0.26954 59
1729611158874 0.25828 60
1729611178838 0.27471 61
1729611198549 0.30882 62
1729611217667 0.35287 63
1729611237947 0.31641 64
1729611257584 0.42746 65
1729611277703 0.44033 66
1729611297391 0.34224 67
1729611317623 0.28619 68
1729611336479 0.32196 69
1729611357586 0.28161 70
1729611378533 0.31983 71
1729611399170 0.38357 72
1729611418799 0.39801 73
1729611438088 0.39484 74
1729611457181 0.38472 75
1729611477558 0.34518 76
1729611496613 0.35632 77
1729611515527 0.32297 78
1729611534089 0.33534 79
1729611553126 0.28678 80
1729611572240 0.28678 81
1729611592258 0.28161 82
1729611611602 0.28161 83
1729611630877 0.27816 84
1729611650386 0.27471 85
1729611669140 0.30266 86
1729611688292 0.31638 87
1729611707929 0.36322 88
1729611727735 0.36494 89
1729611747095 0.52703 90
1729611765634 0.52471 91
1729611783939 0.54556 92
1729611802317 0.42414 93
1729611820698 0.41379 94
1729611839862 0.35833 95
1729611858093 0.33678 96
1729611876151 0.30312 97
1729611894521 0.30287 98
1729611912781 0.36695 99
1729611918178 0.35833333333333334 99
