1729575272714 0.00324 0
1729575291355 0.01942 1
1729575312282 0.0409 2
1729575328708 0.07118 3
1729575344956 0.07373 4
1729575361318 0.08836 5
1729575377410 0.1007 6
1729575394495 0.10707 7
1729575411918 0.11131 8
1729575429365 0.11652 9
1729575445691 0.11253 10
1729575461733 0.10533 11
1729575480023 0.1104 12
1729575497163 0.15898 13
1729575514454 0.15098 14
1729575531430 0.12689 15
1729575548682 0.12671 16
1729575567727 0.12984 17
1729575586512 0.12484 18
1729575606030 0.12821 19
1729575625252 0.14266 20
1729575644326 0.15035 21
1729575666046 0.13839 22
1729575684648 0.15612 23
1729575702658 0.16393 24
1729575720111 0.15026 25
1729575737243 0.11714 26
1729575754223 0.12117 27
1729575771471 0.12786 28
1729575788548 0.12368 29
1729575805793 0.11293 30
1729575822812 0.13613 31
1729575839865 0.14133 32
1729575856966 0.12383 33
1729575873988 0.1163 34
1729575890721 0.12167 35
1729575908063 0.11664 36
1729575924893 0.1268 37
1729575941815 0.16372 38
1729575958994 0.16444 39
1729575976553 0.1691 40
1729575994020 0.18119 41
1729576010978 0.17403 42
1729576027930 0.17991 43
1729576045312 0.17969 44
1729576062215 0.17158 45
1729576079296 0.17528 46
1729576096332 0.17365 47
1729576113651 0.17181 48
1729576130771 0.16726 49
1729576148131 0.19246 50
1729576165269 0.19395 51
1729576182323 0.19169 52
1729576199437 0.20282 53
1729576217295 0.18658 54
1729576234303 0.17264 55
1729576251341 0.17191 56
1729576268380 0.17314 57
1729576285715 0.19183 58
1729576303059 0.19904 59
1729576320403 0.20349 60
1729576337521 0.2036 61
1729576354967 0.21485 62
1729576371751 0.2106 63
1729576388910 0.20796 64
1729576406376 0.21202 65
1729576423480 0.21 66
1729576440624 0.21424 67
1729576457698 0.20237 68
1729576474903 0.19815 69
1729576491710 0.19057 70
1729576508772 0.19616 71
1729576525902 0.19179 72
1729576542973 0.19583 73
1729576560119 0.20543 74
1729576577392 0.21657 75
1729576594204 0.21325 76
1729576611425 0.2 77
1729576628930 0.18949 78
1729576645924 0.18408 79
1729576662956 0.18524 80
1729576680098 0.18967 81
1729576697399 0.19093 82
1729576714649 0.17704 83
1729576731760 0.17455 84
1729576748814 0.17295 85
1729576765901 0.18535 86
1729576782805 0.18654 87
1729576800062 0.20311 88
1729576817152 0.20157 89
1729576833723 0.20456 90
1729576850224 0.2037 91
1729576866784 0.21602 92
1729576883459 0.2253 93
1729576899852 0.25012 94
1729576916528 0.25823 95
1729576933118 0.2532 96
1729576949426 0.22285 97
1729576965857 0.21376 98
1729576982392 0.20336 99
1729576987704 0.25827548441526826 99
