1729575272714 0.0078 0
1729575291355 0.04053 1
1729575312282 0.08578 2
1729575328708 0.13556 3
1729575344956 0.14161 4
1729575361318 0.16803 5
1729575377410 0.18874 6
1729575394495 0.19345 7
1729575411918 0.19821 8
1729575429365 0.20277 9
1729575445691 0.19973 10
1729575461733 0.20466 11
1729575480023 0.21406 12
1729575497163 0.2752 13
1729575514454 0.26643 14
1729575531430 0.23148 15
1729575548682 0.23228 16
1729575567727 0.24487 17
1729575586512 0.23176 18
1729575606030 0.23675 19
1729575625252 0.24508 20
1729575644326 0.25728 21
1729575666046 0.25834 22
1729575684648 0.28588 23
1729575702658 0.29291 24
1729575720111 0.26667 25
1729575737243 0.21979 26
1729575754223 0.22612 27
1729575771471 0.22675 28
1729575788548 0.23281 29
1729575805793 0.22483 30
1729575822812 0.25262 31
1729575839865 0.2412 32
1729575856966 0.21546 33
1729575873988 0.20679 34
1729575890721 0.20559 35
1729575908063 0.20496 36
1729575924893 0.22256 37
1729575941815 0.26677 38
1729575958994 0.27205 39
1729575976553 0.29198 40
1729575994020 0.30987 41
1729576010978 0.29694 42
1729576027930 0.30949 43
1729576045312 0.30567 44
1729576062215 0.2948 45
1729576079296 0.2959 46
1729576096332 0.29574 47
1729576113651 0.3062 48
1729576130771 0.30112 49
1729576148131 0.33547 50
1729576165269 0.34652 51
1729576182323 0.34146 52
1729576199437 0.35424 53
1729576217295 0.33638 54
1729576234303 0.31577 55
1729576251341 0.30698 56
1729576268380 0.30295 57
1729576285715 0.32977 58
1729576303059 0.34309 59
1729576320403 0.35554 60
1729576337521 0.34736 61
1729576354967 0.3496 62
1729576371751 0.3498 63
1729576388910 0.34254 64
1729576406376 0.35084 65
1729576423480 0.35061 66
1729576440624 0.34533 67
1729576457698 0.32069 68
1729576474903 0.32075 69
1729576491710 0.31552 70
1729576508772 0.32298 71
1729576525902 0.30915 72
1729576542973 0.32306 73
1729576560119 0.33047 74
1729576577392 0.34642 75
1729576594204 0.34321 76
1729576611425 0.34126 77
1729576628930 0.33615 78
1729576645924 0.33421 79
1729576662956 0.32936 80
1729576680098 0.32949 81
1729576697399 0.32609 82
1729576714649 0.32045 83
1729576731760 0.31863 84
1729576748814 0.325 85
1729576765901 0.32851 86
1729576782805 0.3265 87
1729576800062 0.33948 88
1729576817152 0.33821 89
1729576833723 0.35253 90
1729576850224 0.34412 91
1729576866784 0.36474 92
1729576883459 0.37196 93
1729576899852 0.40368 94
1729576916528 0.41962 95
1729576933118 0.40982 96
1729576949426 0.35948 97
1729576965857 0.35324 98
1729576982392 0.34099 99
1729576987704 0.4200572919807567 99
