1729575272714 0.00949 0
1729575291355 0.01598 1
1729575312282 0.02518 2
1729575328708 0.03583 3
1729575344956 0.03844 4
1729575361318 0.04215 5
1729575377410 0.95833 6
1729575394495 0.92437 7
1729575411918 0.91063 8
1729575429365 0.91267 9
1729575445691 0.63858 10
1729575461733 0.62749 11
1729575480023 0.63392 12
1729575497163 0.62189 13
1729575514454 0.62186 14
1729575531430 0.92303 15
1729575548682 0.93103 16
1729575567727 0.61559 17
1729575586512 0.41966 18
1729575606030 0.42423 19
1729575625252 0.39061 20
1729575644326 0.63481 21
1729575666046 0.54282 22
1729575684648 0.5804 23
1729575702658 0.43985 24
1729575720111 0.4491 25
1729575737243 0.43754 26
1729575754223 0.38331 27
1729575771471 0.39421 28
1729575788548 0.38289 29
1729575805793 0.37028 30
1729575822812 0.46998 31
1729575839865 0.6525 32
1729575856966 0.65829 33
1729575873988 0.65341 34
1729575890721 0.6625 35
1729575908063 0.68221 36
1729575924893 0.69586 37
1729575941815 0.7118 38
1729575958994 0.68994 39
1729575976553 0.55045 40
1729575994020 0.55598 41
1729576010978 0.60189 42
1729576027930 0.67033 43
1729576045312 0.54574 44
1729576062215 0.57885 45
1729576079296 0.55706 46
1729576096332 0.81998 47
1729576113651 0.77529 48
1729576130771 0.49609 49
1729576148131 0.82038 50
1729576165269 0.91073 51
1729576182323 0.79091 52
1729576199437 0.8 53
1729576217295 0.80029 54
1729576234303 0.76384 55
1729576251341 0.75486 56
1729576268380 0.73684 57
1729576285715 0.73977 58
1729576303059 0.79675 59
1729576320403 0.94232 60
1729576337521 0.50255 61
1729576354967 0.54242 62
1729576371751 0.30905 63
1729576388910 0.25922 64
1729576406376 0.31928 65
1729576423480 0.3058 66
1729576440624 0.29912 67
1729576457698 0.3408 68
1729576474903 0.3581 69
1729576491710 0.32575 70
1729576508772 0.28075 71
1729576525902 0.29095 72
1729576542973 0.3389 73
1729576560119 0.33727 74
1729576577392 0.3386 75
1729576594204 0.34539 76
1729576611425 0.37944 77
1729576628930 0.33604 78
1729576645924 0.29848 79
1729576662956 0.34994 80
1729576680098 0.60746 81
1729576697399 0.6578 82
1729576714649 0.64376 83
1729576731760 0.61764 84
1729576748814 0.61823 85
1729576765901 0.28949 86
1729576782805 0.30794 87
1729576800062 0.24567 88
1729576817152 0.25664 89
1729576833723 0.31945 90
1729576850224 0.30645 91
1729576866784 0.3122 92
1729576883459 0.31521 93
1729576899852 0.38323 94
1729576916528 0.75056 95
1729576933118 0.78016 96
1729576949426 0.67938 97
1729576965857 0.65893 98
1729576982392 0.3369 99
1729576987704 0.7559081194929065 99
