1729575272714 0.26351 0
1729575291355 0.42126 1
1729575312282 0.62759 2
1729575328708 0.74368 3
1729575344956 0.87557 4
1729575361318 0.68621 5
1729575377410 0.10344 6
1729575394495 0.12721 7
1729575411918 0.1569 8
1729575429365 0.16379 9
1729575445691 0.30776 10
1729575461733 0.23678 11
1729575480023 0.24228 12
1729575497163 0.39626 13
1729575514454 0.36839 14
1729575531430 0.17414 15
1729575548682 0.17199 16
1729575567727 0.36839 17
1729575586512 0.41351 18
1729575606030 0.33534 19
1729575625252 0.325 20
1729575644326 0.27816 21
1729575666046 0.3319 22
1729575684648 0.37874 23
1729575702658 0.42725 24
1729575720111 0.46207 25
1729575737243 0.36494 26
1729575754223 0.32661 27
1729575771471 0.34497 28
1729575788548 0.30903 29
1729575805793 0.29885 30
1729575822812 0.32759 31
1729575839865 0.28851 32
1729575856966 0.27299 33
1729575873988 0.21408 34
1729575890721 0.20374 35
1729575908063 0.2454 36
1729575924893 0.29569 37
1729575941815 0.35115 38
1729575958994 0.39347 39
1729575976553 0.28506 40
1729575994020 0.3218 41
1729576010978 0.24303 42
1729576027930 0.28541 43
1729576045312 0.24885 44
1729576062215 0.2454 45
1729576079296 0.20631 46
1729576096332 0.20546 47
1729576113651 0.22787 48
1729576130771 0.24654 49
1729576148131 0.28161 50
1729576165269 0.27514 51
1729576182323 0.23937 52
1729576199437 0.24511 53
1729576217295 0.24506 54
1729576234303 0.26924 55
1729576251341 0.28333 56
1729576268380 0.28057 57
1729576285715 0.27471 58
1729576303059 0.26954 59
1729576320403 0.25828 60
1729576337521 0.27471 61
1729576354967 0.30882 62
1729576371751 0.35287 63
1729576388910 0.31641 64
1729576406376 0.42746 65
1729576423480 0.44033 66
1729576440624 0.34224 67
1729576457698 0.28619 68
1729576474903 0.32196 69
1729576491710 0.28161 70
1729576508772 0.31983 71
1729576525902 0.38357 72
1729576542973 0.39801 73
1729576560119 0.39484 74
1729576577392 0.38472 75
1729576594204 0.34518 76
1729576611425 0.35632 77
1729576628930 0.32297 78
1729576645924 0.33534 79
1729576662956 0.28678 80
1729576680098 0.28678 81
1729576697399 0.28161 82
1729576714649 0.28161 83
1729576731760 0.27816 84
1729576748814 0.27471 85
1729576765901 0.30266 86
1729576782805 0.31638 87
1729576800062 0.36322 88
1729576817152 0.36494 89
1729576833723 0.52703 90
1729576850224 0.52471 91
1729576866784 0.54556 92
1729576883459 0.42414 93
1729576899852 0.41379 94
1729576916528 0.35833 95
1729576933118 0.33678 96
1729576949426 0.30312 97
1729576965857 0.30287 98
1729576982392 0.36695 99
1729576987704 0.35833333333333334 99
