1729574449002 0.0 0
1729574453416 5e-05 1
1729574457755 5e-05 2
1729574462039 0.00217 3
1729574466266 0.02364 4
1729574470525 0.04367 5
1729574475001 0.08309 6
1729574479513 0.09903 7
1729574484012 0.10042 8
1729574488494 0.08961 9
1729574492748 0.08857 10
1729574497152 0.10039 11
1729574501464 0.09422 12
1729574505971 0.10342 13
1729574511364 0.10235 14
1729574517236 0.10832 15
1729574522264 0.1151 16
1729574527616 0.12183 17
1729574532243 0.11093 18
1729574536864 0.10635 19
1729574541990 0.09357 20
1729574547130 0.10553 21
1729574552336 0.13059 22
1729574557648 0.1469 23
1729574562316 0.14176 24
1729574567411 0.13978 25
1729574572533 0.1245 26
1729574577413 0.11726 27
1729574582315 0.11332 28
1729574588042 0.10743 29
1729574593312 0.11051 30
1729574598875 0.11832 31
1729574604327 0.11557 32
1729574609783 0.12112 33
1729574615289 0.12415 34
1729574620561 0.13118 35
1729574625808 0.14104 36
1729574631136 0.13671 37
1729574636687 0.12744 38
1729574641979 0.14137 39
1729574647363 0.14059 40
1729574653050 0.16261 41
1729574658278 0.15113 42
1729574663670 0.12693 43
1729574668987 0.12992 44
1729574674402 0.16025 45
1729574679864 0.17769 46
1729574685231 0.16267 47
1729574690562 0.13227 48
1729574696158 0.11362 49
1729574701530 0.12465 50
1729574706773 0.13313 51
1729574712105 0.13956 52
1729574717486 0.15883 53
1729574723199 0.15439 54
1729574728514 0.15231 55
1729574733811 0.15039 56
1729574739280 0.17277 57
1729574744676 0.18988 58
1729574750120 0.19731 59
1729574755486 0.19225 60
1729574760880 0.17082 61
1729574766124 0.14179 62
1729574772801 0.13317 63
1729574778519 0.13479 64
1729574784085 0.13354 65
1729574789746 0.16422 66
1729574794972 0.16573 67
1729574800303 0.16676 68
1729574805631 0.1702 69
1729574811251 0.17086 70
1729574817129 0.16999 71
1729574823047 0.15279 72
1729574828460 0.1502 73
1729574833443 0.15128 74
1729574839219 0.15947 75
1729574844968 0.15878 76
1729574850989 0.15905 77
1729574857232 0.15861 78
1729574863603 0.15618 79
1729574870193 0.15582 80
1729574876810 0.15438 81
1729574883367 0.15098 82
1729574889838 0.14684 83
1729574895940 0.14627 84
1729574901595 0.14145 85
1729574907175 0.13867 86
1729574912462 0.13794 87
1729574917757 0.14654 88
1729574923089 0.16351 89
1729574928296 0.1449 90
1729574933503 0.144 91
1729574939290 0.14569 92
1729574944313 0.14607 93
1729574949145 0.14911 94
1729574954099 0.14737 95
1729574958638 0.16291 96
1729574963318 0.1624 97
1729574968365 0.15233 98
1729574973912 0.15197 99
1729574978769 0.19737978332536715 99
