1729574449002 0.0 0
1729574453416 0.00046 1
1729574457755 0.00046 2
1729574462039 0.00366 3
1729574466266 0.04663 4
1729574470525 0.08062 5
1729574475001 0.15918 6
1729574479513 0.18282 7
1729574484012 0.18514 8
1729574488494 0.16497 9
1729574492748 0.16658 10
1729574497152 0.19688 11
1729574501464 0.1801 12
1729574505971 0.19846 13
1729574511364 0.2051 14
1729574517236 0.20678 15
1729574522264 0.21399 16
1729574527616 0.24215 17
1729574532243 0.23583 18
1729574536864 0.22043 19
1729574541990 0.19592 20
1729574547130 0.20157 21
1729574552336 0.23238 22
1729574557648 0.26588 23
1729574562316 0.25539 24
1729574567411 0.24963 25
1729574572533 0.2302 26
1729574577413 0.22649 27
1729574582315 0.22339 28
1729574588042 0.21738 29
1729574593312 0.21887 30
1729574598875 0.22434 31
1729574604327 0.22033 32
1729574609783 0.22846 33
1729574615289 0.23398 34
1729574620561 0.24321 35
1729574625808 0.26603 36
1729574631136 0.2628 37
1729574636687 0.24181 38
1729574641979 0.25641 39
1729574647363 0.25323 40
1729574653050 0.29393 41
1729574658278 0.29129 42
1729574663670 0.23866 43
1729574668987 0.23792 44
1729574674402 0.27199 45
1729574679864 0.28876 46
1729574685231 0.2761 47
1729574690562 0.24681 48
1729574696158 0.22374 49
1729574701530 0.22932 50
1729574706773 0.23116 51
1729574712105 0.23571 52
1729574717486 0.2638 53
1729574723199 0.2527 54
1729574728514 0.25178 55
1729574733811 0.25194 56
1729574739280 0.28038 57
1729574744676 0.2988 58
1729574750120 0.30068 59
1729574755486 0.30143 60
1729574760880 0.28754 61
1729574766124 0.2538 62
1729574772801 0.2409 63
1729574778519 0.23922 64
1729574784085 0.23556 65
1729574789746 0.26754 66
1729574794972 0.26807 67
1729574800303 0.26884 68
1729574805631 0.2741 69
1729574811251 0.276 70
1729574817129 0.27382 71
1729574823047 0.25803 72
1729574828460 0.25616 73
1729574833443 0.26082 74
1729574839219 0.27677 75
1729574844968 0.27614 76
1729574850989 0.27424 77
1729574857232 0.27299 78
1729574863603 0.27143 79
1729574870193 0.26997 80
1729574876810 0.26907 81
1729574883367 0.26389 82
1729574889838 0.26064 83
1729574895940 0.25773 84
1729574901595 0.25414 85
1729574907175 0.25151 86
1729574912462 0.24767 87
1729574917757 0.26045 88
1729574923089 0.28042 89
1729574928296 0.25898 90
1729574933503 0.25913 91
1729574939290 0.25833 92
1729574944313 0.26172 93
1729574949145 0.263 94
1729574954099 0.26151 95
1729574958638 0.28084 96
1729574963318 0.28092 97
1729574968365 0.26785 98
1729574973912 0.26372 99
1729574978769 0.30069732010067773 99
