1729574449002 0.0 0
1729574453416 0.0009 1
1729574457755 0.0009 2
1729574462039 0.00694 3
1729574466266 0.05674 4
1729574470525 0.05917 5
1729574475001 0.05497 6
1729574479513 0.04944 7
1729574484012 0.96486 8
1729574488494 0.96705 9
1729574492748 0.95458 10
1729574497152 0.42252 11
1729574501464 0.64959 12
1729574505971 0.40902 13
1729574511364 0.4137 14
1729574517236 0.66722 15
1729574522264 0.68412 16
1729574527616 0.63757 17
1729574532243 0.63796 18
1729574536864 0.4012 19
1729574541990 0.39017 20
1729574547130 0.50738 21
1729574552336 0.24276 22
1729574557648 0.21906 23
1729574562316 0.19931 24
1729574567411 0.71688 25
1729574572533 0.68861 26
1729574577413 0.67821 27
1729574582315 0.66679 28
1729574588042 0.91647 29
1729574593312 0.91458 30
1729574598875 0.91486 31
1729574604327 0.9168 32
1729574609783 0.92069 33
1729574615289 0.65967 34
1729574620561 0.68152 35
1729574625808 0.49402 36
1729574631136 0.62286 37
1729574636687 0.92543 38
1729574641979 0.64753 39
1729574647363 0.64296 40
1729574653050 0.64015 41
1729574658278 0.39181 42
1729574663670 0.65079 43
1729574668987 0.66521 44
1729574674402 0.65916 45
1729574679864 0.67151 46
1729574685231 0.6607 47
1729574690562 0.92807 48
1729574696158 0.92686 49
1729574701530 0.92148 50
1729574706773 0.67509 51
1729574712105 0.44235 52
1729574717486 0.45212 53
1729574723199 0.45862 54
1729574728514 0.4867 55
1729574733811 0.47548 56
1729574739280 0.46001 57
1729574744676 0.45665 58
1729574750120 0.52825 59
1729574755486 0.46295 60
1729574760880 0.47968 61
1729574766124 0.46593 62
1729574772801 0.45088 63
1729574778519 0.46706 64
1729574784085 0.45089 65
1729574789746 0.42244 66
1729574794972 0.42056 67
1729574800303 0.4406 68
1729574805631 0.46921 69
1729574811251 0.44733 70
1729574817129 0.43481 71
1729574823047 0.44364 72
1729574828460 0.45839 73
1729574833443 0.45201 74
1729574839219 0.45524 75
1729574844968 0.47305 76
1729574850989 0.4793 77
1729574857232 0.48822 78
1729574863603 0.74853 79
1729574870193 0.74508 80
1729574876810 0.74992 81
1729574883367 0.75414 82
1729574889838 0.75416 83
1729574895940 0.7514 84
1729574901595 0.74963 85
1729574907175 0.73814 86
1729574912462 0.72671 87
1729574917757 0.72883 88
1729574923089 0.73286 89
1729574928296 0.7361 90
1729574933503 0.74312 91
1729574939290 0.74166 92
1729574944313 0.73745 93
1729574949145 0.73445 94
1729574954099 0.72584 95
1729574958638 0.72443 96
1729574963318 0.72138 97
1729574968365 0.79373 98
1729574973912 0.7171 99
1729574978769 0.5267611113620373 99
