1729574449002 0.0 0
1729574453416 0.00172 1
1729574457755 0.00172 2
1729574462039 0.01379 3
1729574466266 0.20201 4
1729574470525 0.32328 5
1729574475001 0.3319 6
1729574479513 0.37184 7
1729574484012 0.08435 8
1729574488494 0.10222 9
1729574492748 0.12586 10
1729574497152 0.13966 11
1729574501464 0.12931 12
1729574505971 0.15172 13
1729574511364 0.17759 14
1729574517236 0.17586 15
1729574522264 0.17931 16
1729574527616 0.18276 17
1729574532243 0.21063 18
1729574536864 0.27073 19
1729574541990 0.22644 20
1729574547130 0.26723 21
1729574552336 0.25033 22
1729574557648 0.26504 23
1729574562316 0.39373 24
1729574567411 0.23994 25
1729574572533 0.24511 26
1729574577413 0.25201 27
1729574582315 0.25374 28
1729574588042 0.2069 29
1729574593312 0.20862 30
1729574598875 0.21207 31
1729574604327 0.2069 32
1729574609783 0.1931 33
1729574615289 0.26408 34
1729574620561 0.25891 35
1729574625808 0.48276 36
1729574631136 0.4342 37
1729574636687 0.20688 38
1729574641979 0.3023 39
1729574647363 0.30575 40
1729574653050 0.34914 41
1729574658278 0.39253 42
1729574663670 0.26925 43
1729574668987 0.34741 44
1729574674402 0.34741 45
1729574679864 0.3092 46
1729574685231 0.26753 47
1729574690562 0.20487 48
1729574696158 0.19655 49
1729574701530 0.19828 50
1729574706773 0.25374 51
1729574712105 0.29713 52
1729574717486 0.29023 53
1729574723199 0.29368 54
1729574728514 0.33879 55
1729574733811 0.34052 56
1729574739280 0.2954 57
1729574744676 0.29368 58
1729574750120 0.29195 59
1729574755486 0.29195 60
1729574760880 0.28851 61
1729574766124 0.29368 62
1729574772801 0.29368 63
1729574778519 0.29515 64
1729574784085 0.29713 65
1729574789746 0.29368 66
1729574794972 0.24511 67
1729574800303 0.24339 68
1729574805631 0.24511 69
1729574811251 0.24511 70
1729574817129 0.24339 71
1729574823047 0.29787 72
1729574828460 0.33534 73
1729574833443 0.29023 74
1729574839219 0.28333 75
1729574844968 0.28258 76
1729574850989 0.28076 77
1729574857232 0.28412 78
1729574863603 0.28637 79
1729574870193 0.29195 80
1729574876810 0.29885 81
1729574883367 0.29368 82
1729574889838 0.29195 83
1729574895940 0.2886 84
1729574901595 0.29023 85
1729574907175 0.28607 86
1729574912462 0.29713 87
1729574917757 0.29885 88
1729574923089 0.29713 89
1729574928296 0.29023 90
1729574933503 0.29023 91
1729574939290 0.28946 92
1729574944313 0.29195 93
1729574949145 0.29476 94
1729574954099 0.28851 95
1729574958638 0.28851 96
1729574963318 0.28851 97
1729574968365 0.27946 98
1729574973912 0.28726 99
1729574978769 0.2923282304269653 99
