1 0.3587962962962963 0.2565104166666667 0.3194444444444444 0.15364583333333334
2 0.4166666666666667 0.5546875 0.3148148148148148 0.21354166666666666
2 0.7870370370370371 0.24609375 0.42592592592592593 0.2838541666666667
2 0.7284722222222222 0.5849322916666666 0.35589814814814813 0.13450520833333332
2 0.6867685185185185 0.7327291666666667 0.44487037037037036 0.12042708333333334
2 0.21409259259259258 0.7225677083333333 0.37257407407407406 0.14701562499999998
2 0.2979074074074074 0.42446875 0.3175925925925926 0.15207291666666667
2 0.6790185185185186 0.42604166666666665 0.37669444444444444 0.16523958333333333
2 0.17199074074074075 0.5561927083333333 0.25984259259259257 0.18176041666666667
2 0.48525000000000007 0.12285937499999999 0.4206111111111111 0.20622395833333332
2 0.7464351851851851 0.043895833333333335 0.3574537037037037 0.08778645833333334
2 0.20922222222222223 0.04344270833333333 0.41137962962962965 0.08688541666666666