1 0.5936203703703704 0.2689583333333333 0.296 0.208578125
2 0.5757314814814815 0.6046979166666666 0.36430555555555555 0.17015624999999998
2 0.6603055555555556 0.8178541666666667 0.3903240740740741 0.10978125
2 0.46350925925925923 0.41441666666666666 0.3805648148148148 0.19577083333333334
2 0.3057592592592593 0.18570833333333334 0.3968333333333333 0.17381770833333335
2 0.8138888888888889 0.07044270833333334 0.37222222222222223 0.14088541666666668
2 0.8834351851851852 0.7806822916666667 0.23312962962962963 0.1810052083333333
2 0.2456388888888889 0.676265625 0.3115833333333333 0.14680208333333333
2 0.2720925925925926 0.7852083333333333 0.34878703703703706 0.18752604166666667
2 0.8109537037037038 0.6304010416666667 0.19430555555555554 0.13843750000000002
2 0.3215925925925926 0.2978802083333333 0.24116666666666664 0.13514583333333335
2 0.16850925925925928 0.07433854166666666 0.27496296296296296 0.14867708333333332
2 0.47440740740740744 0.04567708333333333 0.29359259259259257 0.09135937499999999
2 0.8353055555555555 0.24260416666666668 0.2681574074074074 0.179171875
2 0.6858796296296297 0.14130208333333333 0.2904351851851852 0.112046875