0 0.3587962962962963 0.41015625 0.375 0.2265625
2 0.5532407407407407 0.6822916666666666 0.5046296296296297 0.25
2 0.2597777777777778 0.783109375 0.38784259259259257 0.183171875
2 0.7610462962962963 0.5536302083333333 0.2780740740740741 0.19757812500000002
2 0.236 0.5474583333333333 0.32563888888888887 0.24285937500000002
2 0.8506851851851852 0.34061979166666667 0.29637037037037034 0.19140625
2 0.6805462962962963 0.4095625 0.2853888888888889 0.13583333333333333
2 0.7474907407407407 0.09271354166666666 0.48868518518518517 0.18542708333333333
2 0.6452962962962963 0.8324322916666667 0.2789166666666667 0.07367708333333334
2 0.8684537037037037 0.7341875000000001 0.1439537037037037 0.10090104166666666
2 0.8698333333333333 0.8271875000000001 0.1506851851851852 0.070484375
2 0.16792592592592595 0.33130729166666667 0.31908333333333333 0.146734375
2 0.34930555555555554 0.09290104166666667 0.27631481481481485 0.18549479166666666
2 0.12603703703703703 0.082578125 0.17583333333333334 0.15907291666666667