2 0.36574074074074076 0.6341145833333334 0.35185185185185186 0.23177083333333334
2 0.7546296296296297 0.62890625 0.42592592592592593 0.3515625
2 0.8009259259259259 0.109375 0.35185185185185186 0.16145833333333334
2 0.41867592592592595 0.148953125 0.35587037037037034 0.09999479166666667
2 0.16898148148148148 0.3932291666666667 0.30092592592592593 0.19791666666666666
2 0.5092592592592593 0.42578125 0.2777777777777778 0.15885416666666666
2 0.18646296296296297 0.787625 0.3095925925925926 0.1939375
2 0.14600000000000002 0.08905208333333332 0.2568240740740741 0.17810416666666665
2 0.7767499999999999 0.35040104166666663 0.4465 0.180953125
2 0.41568518518518516 0.3085729166666667 0.3505462962962963 0.07496354166666667
2 0.38416666666666666 0.051984375 0.20524074074074075 0.09450520833333333
2 0.6442407407407407 0.047046875 0.28930555555555554 0.09409895833333333
2 0.5089166666666667 0.804578125 0.3176111111111111 0.130875