1 0.2222222222222222 0.19140625 0.37037037037037035 0.20572916666666666
2 0.4652777777777778 0.26953125 0.4027777777777778 0.2526041666666667
2 0.26851851851851855 0.5690104166666666 0.35185185185185186 0.23697916666666666
2 0.5229166666666667 0.516984375 0.4212962962962963 0.24649479166666666
2 0.2152777777777778 0.76953125 0.375 0.2109375
2 0.5242037037037037 0.7772552083333333 0.41975 0.18621354166666665
2 0.6006574074074075 0.7409791666666667 0.2911388888888889 0.177453125
2 0.19519444444444445 0.4198177083333333 0.29594444444444445 0.213578125
2 0.7610277777777777 0.41034895833333335 0.39708333333333334 0.210734375
2 0.7816481481481481 0.40475 0.3556111111111111 0.22419791666666666
2 0.8212962962962963 0.8154947916666667 0.22555555555555554 0.09186979166666666
2 0.8201203703703703 0.12084375 0.10622222222222222 0.14169270833333333
2 0.7585555555555555 0.22954166666666667 0.16368518518518518 0.0999375