1 0.8864444444444445 0.6470416666666666 0.22712037037037036 0.23513541666666665
2 0.49169444444444443 0.7916770833333333 0.3338148148148148 0.15901041666666668
2 0.3533611111111111 0.565 0.30374074074074076 0.18269270833333331
2 0.6119907407407408 0.6385833333333333 0.30374074074074076 0.15055208333333334
2 0.7736666666666666 0.4931041666666667 0.45266666666666666 0.19453645833333333
2 0.4616203703703704 0.3383229166666667 0.2556203703703704 0.18269270833333331
1 0.17291666666666666 0.44320312500000003 0.2977222222222222 0.15224479166666666
1 0.21050925925925926 0.276578125 0.27667592592592594 0.1810052083333333
2 0.16951851851851854 0.8136510416666667 0.3050277777777778 0.14291145833333332
2 0.8395092592592592 0.8025468750000001 0.27402777777777776 0.12938020833333333
2 0.7374166666666666 0.31944791666666666 0.28491666666666665 0.155140625
2 0.646787037037037 0.050083333333333334 0.3153148148148148 0.10016666666666667