1 0.8263888888888888 0.5520833333333334 0.3472222222222222 0.22395833333333334
2 0.5486111111111112 0.6901041666666666 0.5694444444444444 0.2552083333333333
2 0.47685185185185186 0.11979166666666667 0.37962962962962965 0.23958333333333334
2 0.18287037037037038 0.13151041666666666 0.3472222222222222 0.23697916666666666
2 0.5347222222222222 0.4127604166666667 0.375 0.1171875
2 0.24768518518518517 0.5963541666666666 0.4027777777777778 0.203125
2 0.2916666666666667 0.78515625 0.32407407407407407 0.18489583333333334
2 0.90425 0.7459114583333334 0.19150925925925927 0.15222916666666667
2 0.21151851851851852 0.40533854166666666 0.3191574074074074 0.08003645833333332
2 0.7470185185185185 0.1460625 0.23069444444444445 0.15082812499999998
2 0.8401944444444445 0.8340625 0.3196111111111111 0.0759375
2 0.5527129629629629 0.5170260416666667 0.22952777777777778 0.10042708333333333
2 0.8610740740740741 0.39151562500000003 0.24618518518518517 0.094734375