4 0.39181481481481484 0.49447395833333335 0.48868518518518517 0.2504895833333333
2 0.8368796296296297 0.5514010416666667 0.3262407407407407 0.3220572916666667
2 0.72725 0.34970833333333334 0.3441111111111111 0.22121354166666668
2 0.21398148148148147 0.16753645833333333 0.3122962962962963 0.18217187499999998
4 0.654962962962963 0.04310416666666667 0.3209722222222222 0.08620833333333335
2 0.8744722222222222 0.059369791666666664 0.25105555555555553 0.11873958333333333
2 0.34844444444444445 0.03171875 0.3094074074074074 0.0634375
2 0.8738796296296296 0.7858177083333333 0.25224074074074077 0.15143229166666666
2 0.6323240740740741 0.7449166666666667 0.32675 0.23838020833333334
2 0.22355555555555556 0.6862916666666667 0.24509259259259258 0.17052083333333332
2 0.34442592592592597 0.80240625 0.29942592592592593 0.14139062500000002
2 0.1680648148148148 0.35095312500000003 0.22562037037037036 0.16433333333333333
2 0.42025 0.31590104166666666 0.3050277777777778 0.13248958333333333
2 0.5515092592592593 0.25145833333333334 0.3238240740740741 0.07991145833333334