2 0.48518518518518516 0.6029218749999999 0.3364351851851852 0.2830833333333333
2 0.848037037037037 0.570859375 0.300287037037037 0.22208854166666667
2 0.21548148148148147 0.7155260416666667 0.3141851851851852 0.14857812499999998
2 0.26413888888888887 0.37379687500000003 0.41150000000000003 0.23459895833333333
2 0.5908425925925926 0.2541510416666667 0.27525925925925926 0.198625
2 0.8795277777777778 0.26275 0.24094444444444446 0.20957291666666666
2 0.6951111111111111 0.07116145833333333 0.40594444444444444 0.14232291666666666
2 0.6464537037037037 0.40351041666666665 0.26970370370370367 0.14388541666666665
2 0.24787037037037035 0.8279947916666667 0.2701018518518518 0.09528125
2 0.46679629629629626 0.8331197916666666 0.2884907407407407 0.0848125
2 0.7374166666666666 0.752625 0.2624444444444444 0.12225520833333332
2 0.27523148148148147 0.20932291666666666 0.24540740740740744 0.11999479166666666
2 0.18464814814814814 0.11995833333333333 0.252037037037037 0.15152604166666667
2 0.38802777777777775 0.07130729166666666 0.22481481481481483 0.13090625
2 0.5055000000000001 0.7614270833333333 0.22212962962962962 0.09425