4 0.5300925925925926 0.6549479166666666 0.27314814814814814 0.1484375
4 0.7453703703703703 0.578125 0.32407407407407407 0.203125
2 0.25462962962962965 0.5950520833333334 0.4074074074074074 0.2265625
2 0.28703703703703703 0.4114583333333333 0.3611111111111111 0.22395833333333334
2 0.6273148148148148 0.3619791666666667 0.36574074074074076 0.171875
2 0.8610555555555556 0.7464999999999999 0.2778981481481481 0.24151562499999998
2 0.5551666666666667 0.8128020833333333 0.3232222222222222 0.1465
2 0.22674999999999998 0.8146197916666666 0.33887962962962964 0.13230729166666666
2 0.8968518518518519 0.17053125 0.2062962962962963 0.076671875
2 0.18644444444444447 0.19310416666666666 0.31007407407407406 0.11073437500000001
2 0.5578240740740741 0.20785416666666665 0.43810185185185185 0.15130729166666665