0 0.5254629629629629 0.4453125 0.3287037037037037 0.21354166666666666
2 0.8268333333333333 0.7248229166666668 0.3463333333333333 0.246296875
2 0.2595925925925926 0.8286197916666667 0.37531481481481477 0.10555729166666666
2 0.20173148148148148 0.7107500000000001 0.22206481481481483 0.11259375
2 0.47226851851851853 0.7142708333333334 0.23769444444444443 0.151296875
2 0.5973703703703703 0.8382968749999999 0.27523148148148147 0.06861458333333334
2 0.8553981481481482 0.4151927083333333 0.2783611111111111 0.20055729166666666
2 0.45819444444444446 0.22342708333333333 0.4785277777777777 0.23574479166666668
2 0.7772129629629629 0.24805729166666665 0.18452777777777776 0.19352083333333334
2 0.14387037037037037 0.26477083333333334 0.1688888888888889 0.17065104166666664
2 0.19547222222222224 0.44157812500000004 0.2846111111111111 0.17944791666666668
2 0.34090740740740744 0.5603333333333332 0.3252685185185185 0.18120833333333333
2 0.7209166666666667 0.5488958333333334 0.37844444444444447 0.15833333333333333