2 0.5 0.72265625 0.5 0.23177083333333334
2 0.5439814814814815 0.5013020833333334 0.41203703703703703 0.2109375
2 0.6624722222222222 0.27048958333333334 0.38353703703703707 0.204296875
2 0.20775000000000002 0.476421875 0.28764814814814815 0.171609375
2 0.8309907407407408 0.6839895833333334 0.18014814814814814 0.21410416666666665
2 0.16271296296296295 0.6823541666666666 0.2033888888888889 0.18141666666666667
2 0.14382407407407408 0.3415885416666667 0.28764814814814815 0.17978125
2 0.19176851851851853 0.23535416666666667 0.31380555555555556 0.10133333333333333
2 0.23954629629629628 0.8216302083333333 0.3199074074074074 0.1105
2 0.8721018518518519 0.8210156249999999 0.2557962962962963 0.10111458333333333
2 0.7529537037037037 0.40926562499999997 0.2735462962962963 0.13929166666666667
2 0.7972314814814815 0.04633333333333333 0.40553703703703703 0.092671875
2 0.28691666666666665 0.0491875 0.3575740740740741 0.09569270833333333
2 0.38705555555555554 0.26640104166666667 0.20262962962962963 0.15366666666666667