3 0.8680555555555556 0.609375 0.2638888888888889 0.21875
4 0.37037037037037035 0.3059895833333333 0.4722222222222222 0.18489583333333334
2 0.7300740740740741 0.7902395833333333 0.3444722222222222 0.1489375
2 0.46400925925925923 0.799640625 0.2853425925925926 0.15616666666666665
2 0.602824074074074 0.59503125 0.2750648148148148 0.20099479166666667
2 0.7377777777777778 0.19159375 0.36503703703703705 0.20099479166666667
2 0.8444722222222222 0.30293749999999997 0.31105555555555553 0.16918229166666665
2 0.3778888888888889 0.17207291666666666 0.3393240740740741 0.14459895833333333
2 0.18380555555555556 0.05711458333333333 0.28020370370370373 0.11422916666666666
2 0.3266851851851852 0.69140625 0.26060185185185186 0.12671354166666665
2 0.27373148148148146 0.5759947916666667 0.3121759259259259 0.20832291666666666
2 0.15014814814814814 0.21572395833333333 0.22531481481481483 0.18566145833333333
2 0.5403518518518519 0.094359375 0.27929629629629626 0.12786979166666665
2 0.8573333333333333 0.03874479166666667 0.24990740740740738 0.07748437500000001
2 0.6386296296296297 0.040338541666666665 0.20653703703703705 0.08067708333333333