4 0.7615740740740741 0.5455729166666666 0.30092592592592593 0.16927083333333334
2 0.8425925925925926 0.7421875 0.26851851851851855 0.19791666666666666
2 0.18287037037037038 0.65234375 0.36574074074074076 0.24739583333333334
2 0.5300925925925926 0.7200520833333334 0.35648148148148145 0.2421875
2 0.6365740740740741 0.2643229166666667 0.47685185185185186 0.23177083333333334
2 0.2037037037037037 0.125 0.3425925925925926 0.21354166666666666
2 0.7916666666666666 0.08984375 0.35185185185185186 0.15364583333333334
2 0.22189814814814815 0.294 0.3368611111111111 0.13384375
2 0.4879166666666667 0.391 0.3341851851851852 0.17444791666666667
2 0.23926851851851855 0.7699010416666667 0.3816388888888889 0.13553645833333333
2 0.1965462962962963 0.448296875 0.2916296296296296 0.165921875
2 0.4870092592592593 0.09425 0.2929537037037037 0.11795833333333333
2 0.7621111111111112 0.415625 0.23637962962962963 0.10572395833333334