3 0.19907407407407407 0.33984375 0.32407407407407407 0.20052083333333334
2 0.6164444444444445 0.7940989583333333 0.3729074074074074 0.175515625
2 0.42237962962962966 0.5158437499999999 0.3576944444444444 0.192640625
2 0.8086111111111111 0.29538020833333334 0.2853888888888889 0.201203125
2 0.5917129629629629 0.20869270833333334 0.30822222222222223 0.22046354166666668
2 0.7382129629629629 0.12735416666666668 0.28158333333333335 0.16053125000000001
2 0.18455555555555556 0.13056770833333334 0.36910185185185185 0.2611354166666667
2 0.5041944444444444 0.363875 0.27016666666666667 0.12842708333333333
2 0.349787037037037 0.7743489583333333 0.5028055555555555 0.14818229166666666
2 0.8283611111111111 0.7692083333333334 0.2414537037037037 0.1946770833333333
2 0.19981481481481483 0.5345364583333333 0.29026851851851854 0.17755208333333333
2 0.7509907407407408 0.5243385416666667 0.2993425925925926 0.18952083333333333