1 0.2016666666666667 0.5534687500000001 0.29925 0.15552083333333336
2 0.4570092592592592 0.7163072916666666 0.4586296296296296 0.22138541666666667
2 0.7943703703703703 0.7327760416666667 0.41125925925925927 0.24700520833333334
2 0.8034166666666667 0.505234375 0.3317777777777778 0.193453125
2 0.5334444444444445 0.41258854166666664 0.27323148148148146 0.14820312500000002
2 0.2602129629629629 0.41075520833333334 0.34478703703703706 0.14820312500000002
2 0.4570092592592592 0.22504687499999998 0.34803703703703703 0.15003125
4 0.21398148148148147 0.16021354166666668 0.2660277777777778 0.19030729166666666
2 0.1774722222222222 0.7426614583333334 0.23437962962962963 0.19657291666666668
2 0.48478703703703707 0.54540625 0.27612962962962967 0.114
2 0.7699351851851851 0.3728385416666667 0.1938425925925926 0.07573437499999999
2 0.6286203703703703 0.10939583333333333 0.30939814814814814 0.122171875
2 0.7609814814814815 0.2233125 0.23685185185185187 0.13225