3 0.6846944444444445 0.591890625 0.34803703703703703 0.17015624999999998
3 0.3935740740740741 0.59646875 0.27323148148148146 0.15003125
3 0.19678703703703704 0.4711354166666667 0.2894907407407407 0.19211458333333334
2 0.47977777777777775 0.428140625 0.296 0.18662499999999999
2 0.8252685185185185 0.41990625000000004 0.3494537037037037 0.20309375
1 0.8724351851851851 0.23328125 0.25512962962962965 0.19577083333333334
1 0.1626388888888889 0.11618229166666666 0.29925 0.15552083333333336
2 0.3366574074074074 0.21041145833333333 0.296 0.19028645833333335
2 0.5903703703703704 0.27261979166666667 0.30900925925925926 0.13905208333333335
2 0.7399907407407408 0.12167187500000001 0.45212962962962966 0.17381770833333335
2 0.7849907407407407 0.7124270833333333 0.2980185185185185 0.08409895833333333