2 0.4513888888888889 0.6979166666666666 0.3472222222222222 0.171875
4 0.5121851851851852 0.5046822916666667 0.3018425925925926 0.14839583333333334
2 0.818787037037037 0.5300833333333334 0.3351203703703704 0.14839583333333334
2 0.4135462962962963 0.1791458333333333 0.347 0.19518749999999999
2 0.8327407407407408 0.09692708333333333 0.3345185185185185 0.19385416666666666
2 0.21985185185185185 0.27139062500000005 0.3541296296296296 0.20320833333333335
2 0.7271574074074074 0.20980729166666665 0.31562962962962965 0.2004375
2 0.6665462962962962 0.2893072916666667 0.24874074074074073 0.04858854166666667
2 0.706787037037037 0.4180729166666667 0.22555555555555554 0.070640625
2 0.1729351851851852 0.05859375 0.3201759259259259 0.11718229166666667
2 0.49930555555555556 0.0550625 0.29324999999999996 0.110125