1 0.14583333333333334 0.13151041666666666 0.27314814814814814 0.17447916666666666
2 0.5902777777777778 0.09375 0.36574074074074076 0.1875
2 0.6738888888888889 0.34970833333333334 0.4166759259259259 0.26025
2 0.2660277777777778 0.38630729166666666 0.347 0.19030729166666666
2 0.8845925925925926 0.6929114583333333 0.23082407407407407 0.23422395833333332
2 0.20964814814814814 0.5522135416666667 0.419287037037037 0.17078645833333334
2 0.35718518518518516 0.74884375 0.6343148148148148 0.21255208333333334
2 0.5761203703703704 0.5779739583333333 0.3879074074074074 0.13797916666666668
2 0.17273148148148149 0.266640625 0.32513888888888887 0.12207291666666667
2 0.2588611111111111 0.057796875 0.27471296296296294 0.11559895833333332
2 0.40578703703703706 0.17368229166666668 0.25972222222222224 0.11898437499999999
2 0.7852592592592593 0.17313020833333334 0.16866666666666666 0.130203125