4 0.7199074074074074 0.4440104166666667 0.36574074074074076 0.24739583333333334
2 0.24724074074074073 0.6132135416666666 0.32675925925925925 0.18542708333333333
2 0.25462962962962965 0.6380208333333334 0.3425925925925926 0.19791666666666666
2 0.4398148148148148 0.78515625 0.2962962962962963 0.19010416666666666
2 0.7836388888888889 0.7791197916666667 0.3527777777777778 0.18217187499999998
2 0.8874814814814815 0.586375 0.22503703703703704 0.20657291666666666
2 0.6217037037037038 0.6172760416666667 0.3932685185185185 0.17078645833333334
2 0.7906111111111112 0.25780729166666666 0.41877777777777775 0.25861979166666665
2 0.38892592592592595 0.3968802083333333 0.33832407407407405 0.21795833333333334
2 0.18506481481481482 0.23015624999999998 0.37012962962962964 0.3009114583333333
2 0.5985740740740741 0.09515104166666667 0.31808333333333333 0.148015625
2 0.19770370370370371 0.8025 0.22190740740740741 0.14104166666666668