1 0.5810185185185185 0.4946041666666667 0.33796296296296297 0.23995833333333336
2 0.48447222222222225 0.6757291666666667 0.4300925925925926 0.19465625
2 0.29785185185185187 0.4032135416666666 0.3336944444444444 0.16406770833333334
2 0.1792037037037037 0.27390624999999996 0.29414814814814816 0.18909375
2 0.45011111111111113 0.23901041666666664 0.3781851851851852 0.16991666666666666
2 0.8411111111111111 0.22871875 0.31777777777777777 0.30727604166666667
2 0.5791759259259259 0.8166614583333334 0.39075 0.08205729166666667
2 0.6916296296296297 0.7282291666666667 0.32649074074074075 0.131875
2 0.8231759259259259 0.49576041666666665 0.2813333333333333 0.21393229166666666
2 0.21172222222222223 0.09794270833333334 0.3165925925925926 0.0868125
2 0.7152962962962963 0.35671875 0.29087037037037033 0.11241145833333334
2 0.22062037037037038 0.7896822916666667 0.29482407407407407 0.139125
2 0.3185648148148148 0.5442604166666667 0.22161111111111112 0.14246354166666667