3 0.2638888888888889 0.546875 0.3333333333333333 0.19791666666666666
4 0.13657407407407407 0.35546875 0.27314814814814814 0.2526041666666667
2 0.2744166666666667 0.76090625 0.37292592592592594 0.19195833333333334
2 0.6754814814814815 0.5442135416666667 0.4714259259259259 0.1939375
2 0.4890185185185185 0.36214583333333333 0.42921296296296296 0.18997916666666667
2 0.6184722222222223 0.8032291666666667 0.25687037037037036 0.101421875
2 0.8514444444444444 0.8032916666666666 0.1859722222222222 0.08089583333333333
2 0.6330740740740741 0.6993020833333333 0.3149814814814815 0.11727604166666666
2 0.8236111111111111 0.336015625 0.17375000000000002 0.18015104166666665
2 0.20558333333333334 0.08608854166666666 0.2241388888888889 0.07340624999999999
2 0.19397222222222224 0.16377604166666665 0.19230555555555556 0.110046875
2 0.7065925925925925 0.19195833333333334 0.3084814814814815 0.13277604166666668