3 0.22510185185185186 0.6472447916666667 0.2902314814814815 0.15811458333333334
2 0.49362962962962964 0.7796510416666667 0.28337962962962965 0.17611458333333332
2 0.6798796296296297 0.5893958333333333 0.41821296296296295 0.23010416666666667
2 0.8496574074074074 0.7044479166666666 0.30069444444444443 0.27252604166666666
2 0.8233703703703704 0.28473437500000004 0.3532592592592592 0.23781770833333335
2 0.5576203703703704 0.24745833333333334 0.3702222222222222 0.19925
2 0.7358703703703704 0.104765625 0.4753425925925926 0.20953645833333334
2 0.4958981481481482 0.6573593750000001 0.2455462962962963 0.09794791666666666
2 0.23844444444444443 0.28580208333333335 0.36137962962962966 0.19039583333333335
2 0.3841203703703704 0.038098958333333335 0.36934259259259256 0.07619270833333333
2 0.7233333333333334 0.8142395833333332 0.22678703703703704 0.10730208333333334