2 0.7966481481481481 0.5530260416666667 0.29205555555555557 0.19518749999999999
2 0.5653148148148148 0.4839010416666667 0.3209722222222222 0.22283854166666667
2 0.23856481481481479 0.4814583333333333 0.34988888888888886 0.2537447916666667
2 0.5060370370370371 0.733578125 0.4106111111111111 0.10735416666666667
2 0.19374074074074074 0.74984375 0.24868518518518518 0.10084895833333334
2 0.8065185185185185 0.24805208333333334 0.38696296296296295 0.25861979166666665
2 0.5017037037037038 0.2887135416666667 0.39037037037037037 0.17078645833333334
2 0.19518518518518518 0.28220833333333334 0.2978425925925926 0.11873958333333333
2 0.2819351851851852 0.09678125 0.2862777777777778 0.1870520833333333
2 0.6737592592592593 0.09190104166666666 0.39904629629629634 0.17404166666666668
2 0.8192777777777778 0.755703125 0.18623148148148147 0.06088541666666667