2 0.33866666666666667 0.5137031249999999 0.3348611111111111 0.184078125
2 0.4870648148148148 0.70634375 0.3805185185185185 0.23116666666666666
2 0.23732407407407408 0.7698489583333333 0.3603796296296296 0.22454166666666667
2 0.6240648148148148 0.81228125 0.31203703703703706 0.14708854166666668
2 0.6306574074074074 0.45115625000000004 0.3076388888888889 0.23237500000000003
2 0.8174351851851852 0.5389166666666667 0.2856666666666666 0.17798958333333334
2 0.23160185185185184 0.23607291666666666 0.3340648148148148 0.21633333333333335
2 0.789037037037037 0.3467395833333333 0.23124074074074075 0.198625
2 0.6589814814814815 0.18345833333333333 0.29869444444444443 0.12398437500000001
2 0.5256759259259259 0.3044895833333333 0.3490185185185185 0.16163020833333333
2 0.15725925925925927 0.39293750000000005 0.2207037037037037 0.11983333333333333
2 0.36830555555555555 0.37331770833333333 0.22443518518518518 0.1115
2 0.8786759259259259 0.7763125 0.24264814814814814 0.17019791666666664