4 0.17655555555555555 0.6240364583333334 0.20297222222222222 0.13763020833333334
2 0.4810185185185185 0.5036041666666666 0.41150000000000003 0.22834375
1 0.6825925925925926 0.7449635416666667 0.36424074074074075 0.24185416666666668
2 0.2766574074074074 0.7796510416666667 0.3364351851851852 0.20175520833333332
2 0.7034537037037037 0.341734375 0.41706481481481483 0.19236979166666668
2 0.7382037037037037 0.14154166666666665 0.30862962962962964 0.198625
2 0.4518240740740741 0.20331770833333335 0.392037037037037 0.20019270833333333
2 0.19880555555555557 0.14467187499999998 0.31975 0.22990625
2 0.43049074074074073 0.04818229166666667 0.289212962962963 0.096359375
2 0.20907407407407408 0.44456770833333337 0.24835185185185188 0.12138020833333334
2 0.14691666666666667 0.5390833333333334 0.2104351851851852 0.08033333333333334