1729570839487 0.00796 0
1729570868697 0.06013 1
1729570897739 0.10593 2
1729570926819 0.1193 3
1729570956081 0.13861 4
1729570984927 0.14346 5
1729571014669 0.1384 6
1729571043685 0.15371 7
1729571073031 0.14926 8
1729571102015 0.14218 9
1729571130758 0.14593 10
1729571158927 0.16785 11
1729571187501 0.16561 12
1729571213952 0.15218 13
1729571239865 0.14739 14
1729571266089 0.15319 15
1729571292304 0.15809 16
1729571318715 0.15687 17
1729571344884 0.15717 18
1729571371246 0.15533 19
1729571397462 0.15844 20
1729571424148 0.15776 21
1729571449978 0.15826 22
1729571476282 0.15538 23
1729571502304 0.15317 24
1729571529210 0.15021 25
1729571557885 0.17113 26
1729571584065 0.15398 27
1729571610187 0.15941 28
1729571636732 0.15311 29
1729571662429 0.16371 30
1729571688649 0.18298 31
1729571714720 0.18192 32
1729571740227 0.18123 33
1729571766165 0.17432 34
1729571793901 0.18927 35
1729571822480 0.20087 36
1729571850474 0.19295 37
1729571878084 0.17827 38
1729571905329 0.17722 39
1729571931786 0.18367 40
1729571956918 0.19093 41
1729571981948 0.19983 42
1729572007602 0.2035 43
1729572032447 0.20852 44
1729572057313 0.20655 45
1729572082881 0.212 46
1729572109403 0.21733 47
1729572136276 0.21971 48
1729572163780 0.2207 49
1729572170271 0.20095143314981848 49
