1729570839487 0.0027 0
1729570868697 0.02506 1
1729570897739 0.05672 2
1729570926819 0.06468 3
1729570956081 0.07625 4
1729570984927 0.08187 5
1729571014669 0.08616 6
1729571043685 0.09219 7
1729571073031 0.09115 8
1729571102015 0.08593 9
1729571130758 0.08125 10
1729571158927 0.10205 11
1729571187501 0.10187 12
1729571213952 0.09298 13
1729571239865 0.09244 14
1729571266089 0.09546 15
1729571292304 0.09838 16
1729571318715 0.09994 17
1729571344884 0.09692 18
1729571371246 0.09473 19
1729571397462 0.09636 20
1729571424148 0.09446 21
1729571449978 0.10022 22
1729571476282 0.08766 23
1729571502304 0.08947 24
1729571529210 0.09134 25
1729571557885 0.11217 26
1729571584065 0.09834 27
1729571610187 0.0979 28
1729571636732 0.08742 29
1729571662429 0.09466 30
1729571688649 0.11283 31
1729571714720 0.1152 32
1729571740227 0.11482 33
1729571766165 0.11256 34
1729571793901 0.1225 35
1729571822480 0.12749 36
1729571850474 0.12225 37
1729571878084 0.11126 38
1729571905329 0.11195 39
1729571931786 0.11448 40
1729571956918 0.11486 41
1729571981948 0.11496 42
1729572007602 0.11802 43
1729572032447 0.11644 44
1729572057313 0.11759 45
1729572082881 0.12468 46
1729572109403 0.12354 47
1729572136276 0.12225 48
1729572163780 0.12099 49
1729572170271 0.1276252628207387 49
