1729570839487 0.00535 0
1729570868697 0.01035 1
1729570897739 0.01465 2
1729570926819 0.01746 3
1729570956081 0.02365 4
1729570984927 0.87891 5
1729571014669 0.91116 6
1729571043685 0.91968 7
1729571073031 0.72517 8
1729571102015 0.71451 9
1729571130758 0.69458 10
1729571158927 0.7171 11
1729571187501 0.73398 12
1729571213952 0.91377 13
1729571239865 0.90439 14
1729571266089 0.70618 15
1729571292304 0.49845 16
1729571318715 0.4975 17
1729571344884 0.92706 18
1729571371246 0.9085 19
1729571397462 0.91725 20
1729571424148 0.90336 21
1729571449978 0.90033 22
1729571476282 0.90112 23
1729571502304 0.90433 24
1729571529210 0.9054 25
1729571557885 0.90188 26
1729571584065 0.91005 27
1729571610187 0.92008 28
1729571636732 0.69283 29
1729571662429 0.7086 30
1729571688649 0.68599 31
1729571714720 0.69169 32
1729571740227 0.69157 33
1729571766165 0.92804 34
1729571793901 0.91836 35
1729571822480 0.70425 36
1729571850474 0.70697 37
1729571878084 0.7071 38
1729571905329 0.7041 39
1729571931786 0.49754 40
1729571956918 0.93992 41
1729571981948 0.93111 42
1729572007602 0.88329 43
1729572032447 0.8861 44
1729572057313 0.68898 45
1729572082881 0.69152 46
1729572109403 0.62514 47
1729572136276 0.54447 48
1729572163780 0.54354 49
1729572170271 0.7042490322000113 49
