1729570839487 0.27304 0
1729570868697 0.70196 1
1729570897739 0.83152 2
1729570926819 0.84717 3
1729570956081 0.88609 4
1729570984927 0.16522 5
1729571014669 0.10609 6
1729571043685 0.13476 7
1729571073031 0.16761 8
1729571102015 0.16661 9
1729571130758 0.185 10
1729571158927 0.19196 11
1729571187501 0.19717 12
1729571213952 0.15478 13
1729571239865 0.14435 14
1729571266089 0.15548 15
1729571292304 0.20065 16
1729571318715 0.22565 17
1729571344884 0.14845 18
1729571371246 0.16293 19
1729571397462 0.14783 20
1729571424148 0.16368 21
1729571449978 0.1558 22
1729571476282 0.15652 23
1729571502304 0.14957 24
1729571529210 0.14261 25
1729571557885 0.1513 26
1729571584065 0.12128 27
1729571610187 0.11304 28
1729571636732 0.18937 29
1729571662429 0.20304 30
1729571688649 0.16397 31
1729571714720 0.1687 32
1729571740227 0.17739 33
1729571766165 0.12 34
1729571793901 0.14783 35
1729571822480 0.16348 36
1729571850474 0.15797 37
1729571878084 0.14957 38
1729571905329 0.15652 39
1729571931786 0.16522 40
1729571956918 0.13367 41
1729571981948 0.13739 42
1729572007602 0.15826 43
1729572032447 0.15826 44
1729572057313 0.15652 45
1729572082881 0.18326 46
1729572109403 0.20801 47
1729572136276 0.19717 48
1729572163780 0.20106 49
1729572170271 0.16347826086956524 49
