1729568366896 0.0027 0
1729568392284 0.02494 1
1729568415606 0.06227 2
1729568440278 0.07146 3
1729568466589 0.08384 4
1729568491822 0.0873 5
1729568515915 0.10071 6
1729568540290 0.10174 7
1729568563978 0.09362 8
1729568587674 0.0953 9
1729568611221 0.09082 10
1729568634568 0.07576 11
1729568658817 0.08025 12
1729568689604 0.09412 13
1729568718300 0.09962 14
1729568746769 0.09976 15
1729568775753 0.10236 16
1729568804847 0.10406 17
1729568833702 0.10538 18
1729568862937 0.10638 19
1729568869638 0.1065537091550204 19
