1729568366896 0.00796 0
1729568392284 0.05941 1
1729568415606 0.11742 2
1729568440278 0.12663 3
1729568466589 0.14764 4
1729568491822 0.15299 5
1729568515915 0.17131 6
1729568540290 0.16217 7
1729568563978 0.15497 8
1729568587674 0.15258 9
1729568611221 0.14947 10
1729568634568 0.13512 11
1729568658817 0.14368 12
1729568689604 0.15806 13
1729568718300 0.1591 14
1729568746769 0.1575 15
1729568775753 0.16149 16
1729568804847 0.16145 17
1729568833702 0.16333 18
1729568862937 0.16411 19
1729568869638 0.16407746749874114 19
