1729568366896 0.00535 0
1729568392284 0.00989 1
1729568415606 0.01463 2
1729568440278 0.01826 3
1729568466589 0.0244 4
1729568491822 0.88557 5
1729568515915 0.90983 6
1729568540290 0.908 7
1729568563978 0.72208 8
1729568587674 0.71845 9
1729568611221 0.70689 10
1729568634568 0.69112 11
1729568658817 0.71532 12
1729568689604 0.70702 13
1729568718300 0.71077 14
1729568746769 0.71067 15
1729568775753 0.70918 16
1729568804847 0.7088 17
1729568833702 0.71527 18
1729568862937 0.71596 19
1729568869638 0.7159209833773689 19
