1729568366896 0.27304 0
1729568392284 0.67348 1
1729568415606 0.81 2
1729568440278 0.87217 3
1729568466589 0.88957 4
1729568491822 0.16 5
1729568515915 0.12498 6
1729568540290 0.14435 7
1729568563978 0.18209 8
1729568587674 0.22978 9
1729568611221 0.1763 10
1729568634568 0.15478 11
1729568658817 0.12348 12
1729568689604 0.14261 13
1729568718300 0.15826 14
1729568746769 0.15728 15
1729568775753 0.15826 16
1729568804847 0.15826 17
1729568833702 0.15652 18
1729568862937 0.15478 19
1729568869638 0.15478260869565216 19
