1729572221575 0.0 0
1729572228408 2e-05 1
1729572234998 0.00027 2
1729572242559 0.00913 3
1729572249981 0.04448 4
1729572257431 0.06569 5
1729572264942 0.06834 6
1729572272572 0.08461 7
1729572279749 0.09463 8
1729572287246 0.09926 9
1729572294354 0.09758 10
1729572302055 0.0957 11
1729572309397 0.09529 12
1729572316586 0.10001 13
1729572323979 0.10584 14
1729572331405 0.10476 15
1729572338771 0.10064 16
1729572346073 0.10051 17
1729572353412 0.10049 18
1729572360983 0.09968 19
1729572368110 0.0925 20
1729572375333 0.07936 21
1729572382936 0.06517 22
1729572390478 0.07884 23
1729572397947 0.09236 24
1729572405332 0.10484 25
1729572412524 0.1149 26
1729572419988 0.10649 27
1729572427456 0.11749 28
1729572435012 0.11005 29
1729572442622 0.10214 30
1729572451077 0.10334 31
1729572459328 0.10199 32
1729572467154 0.10259 33
1729572475075 0.11844 34
1729572483001 0.12654 35
1729572490728 0.11394 36
1729572498141 0.10982 37
1729572505910 0.11298 38
1729572513401 0.09263 39
1729572520437 0.09117 40
1729572527758 0.09322 41
1729572535120 0.0909 42
1729572542488 0.08781 43
1729572550531 0.08545 44
1729572557784 0.08594 45
1729572564962 0.08815 46
1729572572121 0.10107 47
1729572579713 0.09469 48
1729572586976 0.09368 49
1729572594219 0.08484 50
1729572601747 0.08873 51
1729572609124 0.10015 52
1729572616530 0.1077 53
1729572624147 0.10244 54
1729572631331 0.11055 55
1729572638643 0.11489 56
1729572647769 0.11353 57
1729572655512 0.12388 58
1729572662883 0.11887 59
1729572670127 0.11988 60
1729572677547 0.12458 61
1729572684890 0.12781 62
1729572692574 0.12953 63
1729572699968 0.13662 64
1729572707281 0.12743 65
1729572714734 0.12725 66
1729572721663 0.1216 67
1729572728577 0.12038 68
1729572735604 0.10883 69
1729572742884 0.10994 70
1729572749983 0.12183 71
1729572757640 0.14851 72
1729572765209 0.16534 73
1729572772872 0.16589 74
1729572780324 0.1575 75
1729572787723 0.15429 76
1729572795715 0.15755 77
1729572803471 0.1531 78
1729572811137 0.14981 79
1729572818732 0.15313 80
1729572826211 0.15449 81
1729572833813 0.15223 82
1729572841215 0.15331 83
1729572848796 0.15605 84
1729572856084 0.15516 85
1729572863822 0.16061 86
1729572871469 0.1691 87
1729572878819 0.16778 88
1729572886181 0.16852 89
1729572893434 0.16615 90
1729572900779 0.15233 91
1729572908388 0.15418 92
1729572915795 0.14551 93
1729572923244 0.14453 94
1729572930449 0.14478 95
1729572937694 0.14198 96
1729572944752 0.14057 97
1729572952248 0.1394 98
1729572959539 0.14136 99
1729572966337 0.16926314367731443 99
