1729572221575 0.0 0
1729572228408 0.00018 1
1729572234998 0.00116 2
1729572242559 0.01777 3
1729572249981 0.08708 4
1729572257431 0.12521 5
1729572264942 0.13069 6
1729572272572 0.15176 7
1729572279749 0.16154 8
1729572287246 0.16122 9
1729572294354 0.15667 10
1729572302055 0.15771 11
1729572309397 0.15922 12
1729572316586 0.16385 13
1729572323979 0.16704 14
1729572331405 0.16294 15
1729572338771 0.16044 16
1729572346073 0.16182 17
1729572353412 0.16647 18
1729572360983 0.17072 19
1729572368110 0.15764 20
1729572375333 0.13813 21
1729572382936 0.12304 22
1729572390478 0.14108 23
1729572397947 0.1654 24
1729572405332 0.17728 25
1729572412524 0.18339 26
1729572419988 0.16862 27
1729572427456 0.1832 28
1729572435012 0.17726 29
1729572442622 0.16635 30
1729572451077 0.16697 31
1729572459328 0.16427 32
1729572467154 0.16625 33
1729572475075 0.18917 34
1729572483001 0.20354 35
1729572490728 0.19044 36
1729572498141 0.18575 37
1729572505910 0.18894 38
1729572513401 0.16357 39
1729572520437 0.1614 40
1729572527758 0.15913 41
1729572535120 0.15143 42
1729572542488 0.14647 43
1729572550531 0.14428 44
1729572557784 0.14444 45
1729572564962 0.15355 46
1729572572121 0.19123 47
1729572579713 0.17131 48
1729572586976 0.16923 49
1729572594219 0.13978 50
1729572601747 0.14682 51
1729572609124 0.16336 52
1729572616530 0.17461 53
1729572624147 0.16264 54
1729572631331 0.16857 55
1729572638643 0.17214 56
1729572647769 0.17432 57
1729572655512 0.18827 58
1729572662883 0.18382 59
1729572670127 0.18354 60
1729572677547 0.18529 61
1729572684890 0.18704 62
1729572692574 0.19692 63
1729572699968 0.20534 64
1729572707281 0.19465 65
1729572714734 0.19608 66
1729572721663 0.19389 67
1729572728577 0.18956 68
1729572735604 0.171 69
1729572742884 0.17267 70
1729572749983 0.19017 71
1729572757640 0.22304 72
1729572765209 0.24239 73
1729572772872 0.24275 74
1729572780324 0.23659 75
1729572787723 0.23753 76
1729572795715 0.2428 77
1729572803471 0.24265 78
1729572811137 0.24699 79
1729572818732 0.24067 80
1729572826211 0.23656 81
1729572833813 0.23103 82
1729572841215 0.2321 83
1729572848796 0.2339 84
1729572856084 0.23275 85
1729572863822 0.23759 86
1729572871469 0.25082 87
1729572878819 0.24971 88
1729572886181 0.25402 89
1729572893434 0.25281 90
1729572900779 0.23599 91
1729572908388 0.24201 92
1729572915795 0.22732 93
1729572923244 0.22574 94
1729572930449 0.22616 95
1729572937694 0.22108 96
1729572944752 0.21746 97
1729572952248 0.21705 98
1729572959539 0.21837 99
1729572966337 0.25096743619118833 99
