1729572221575 0.0 0
1729572228408 0.00035 1
1729572234998 0.00157 2
1729572242559 0.01685 3
1729572249981 0.01702 4
1729572257431 0.01524 5
1729572264942 0.93842 6
1729572272572 0.91993 7
1729572279749 0.9141 8
1729572287246 0.91416 9
1729572294354 0.90811 10
1729572302055 0.70824 11
1729572309397 0.91036 12
1729572316586 0.91589 13
1729572323979 0.9092 14
1729572331405 0.90699 15
1729572338771 0.9087 16
1729572346073 0.91824 17
1729572353412 0.3062 18
1729572360983 0.31527 19
1729572368110 0.32113 20
1729572375333 0.28946 21
1729572382936 0.88541 22
1729572390478 0.47634 23
1729572397947 0.7067 24
1729572405332 0.56626 25
1729572412524 0.56921 26
1729572419988 0.56066 27
1729572427456 0.72721 28
1729572435012 0.706 29
1729572442622 0.71402 30
1729572451077 0.71463 31
1729572459328 0.70797 32
1729572467154 0.50625 33
1729572475075 0.70182 34
1729572483001 0.57235 35
1729572490728 0.56107 36
1729572498141 0.49878 37
1729572505910 0.49839 38
1729572513401 0.69954 39
1729572520437 0.70401 40
1729572527758 0.70112 41
1729572535120 0.69755 42
1729572542488 0.70442 43
1729572550531 0.70592 44
1729572557784 0.71099 45
1729572564962 0.71839 46
1729572572121 0.72834 47
1729572579713 0.72716 48
1729572586976 0.7213 49
1729572594219 0.71398 50
1729572601747 0.50721 51
1729572609124 0.30197 52
1729572616530 0.29397 53
1729572624147 0.3342 54
1729572631331 0.31519 55
1729572638643 0.317 56
1729572647769 0.33981 57
1729572655512 0.35297 58
1729572662883 0.5701 59
1729572670127 0.56795 60
1729572677547 0.5687 61
1729572684890 0.57052 62
1729572692574 0.58557 63
1729572699968 0.63259 64
1729572707281 0.63422 65
1729572714734 0.6354 66
1729572721663 0.72566 67
1729572728577 0.72378 68
1729572735604 0.7146 69
1729572742884 0.56817 70
1729572749983 0.34093 71
1729572757640 0.36527 72
1729572765209 0.36963 73
1729572772872 0.40503 74
1729572780324 0.41363 75
1729572787723 0.3712 76
1729572795715 0.3564 77
1729572803471 0.86884 78
1729572811137 0.86403 79
1729572818732 0.80903 80
1729572826211 0.78089 81
1729572833813 0.59358 82
1729572841215 0.59191 83
1729572848796 0.58239 84
1729572856084 0.59635 85
1729572863822 0.80755 86
1729572871469 0.85672 87
1729572878819 0.83887 88
1729572886181 0.3641 89
1729572893434 0.58351 90
1729572900779 0.63595 91
1729572908388 0.61866 92
1729572915795 0.62939 93
1729572923244 0.64078 94
1729572930449 0.6311 95
1729572937694 0.57426 96
1729572944752 0.57812 97
1729572952248 0.58152 98
1729572959539 0.38198 99
1729572966337 0.8567948488186851 99
