1729572221575 0.0 0
1729572228408 0.00174 1
1729572234998 0.0087 2
1729572242559 0.2537 3
1729572249981 0.48609 4
1729572257431 0.65935 5
1729572264942 0.06957 6
1729572272572 0.11984 7
1729572279749 0.13167 8
1729572287246 0.13183 9
1729572294354 0.15347 10
1729572302055 0.14783 11
1729572309397 0.15652 12
1729572316586 0.15826 13
1729572323979 0.15478 14
1729572331405 0.15805 15
1729572338771 0.16174 16
1729572346073 0.14957 17
1729572353412 0.23783 18
1729572360983 0.29793 19
1729572368110 0.2913 20
1729572375333 0.2913 21
1729572382936 0.15304 22
1729572390478 0.26457 23
1729572397947 0.23957 24
1729572405332 0.27105 25
1729572412524 0.23574 26
1729572419988 0.25587 27
1729572427456 0.21 28
1729572435012 0.21174 29
1729572442622 0.19022 30
1729572451077 0.18326 31
1729572459328 0.19022 32
1729572467154 0.19891 33
1729572475075 0.23435 34
1729572483001 0.31046 35
1729572490728 0.19651 36
1729572498141 0.17141 37
1729572505910 0.16174 38
1729572513401 0.14435 39
1729572520437 0.15478 40
1729572527758 0.16174 41
1729572535120 0.16522 42
1729572542488 0.19196 43
1729572550531 0.14957 44
1729572557784 0.13043 45
1729572564962 0.12 46
1729572572121 0.13082 47
1729572579713 0.13565 48
1729572586976 0.1287 49
1729572594219 0.12348 50
1729572601747 0.13217 51
1729572609124 0.14473 52
1729572616530 0.16 53
1729572624147 0.19196 54
1729572631331 0.1937 55
1729572638643 0.19543 56
1729572647769 0.19717 57
1729572655512 0.19891 58
1729572662883 0.19717 59
1729572670127 0.19543 60
1729572677547 0.185 61
1729572684890 0.1763 62
1729572692574 0.20359 63
1729572699968 0.17877 64
1729572707281 0.14988 65
1729572714734 0.14326 66
1729572721663 0.09217 67
1729572728577 0.08755 68
1729572735604 0.0887 69
1729572742884 0.15536 70
1729572749983 0.23152 71
1729572757640 0.3437 72
1729572765209 0.32217 73
1729572772872 0.32217 74
1729572780324 0.29717 75
1729572787723 0.32204 76
1729572795715 0.34717 77
1729572803471 0.18391 78
1729572811137 0.18968 79
1729572818732 0.18176 80
1729572826211 0.21041 81
1729572833813 0.23739 82
1729572841215 0.23565 83
1729572848796 0.23739 84
1729572856084 0.26761 85
1729572863822 0.20636 86
1729572871469 0.21239 87
1729572878819 0.21587 88
1729572886181 0.33848 89
1729572893434 0.25304 90
1729572900779 0.24248 91
1729572908388 0.23152 92
1729572915795 0.22978 93
1729572923244 0.2176 94
1729572930449 0.20735 95
1729572937694 0.24835 96
1729572944752 0.2263 97
1729572952248 0.22283 98
1729572959539 0.24986 99
1729572966337 0.2123913043478261 99
