1729603781697 0.0078 0
1729603799762 0.04053 1
1729603817101 0.08578 2
1729603834664 0.13556 3
1729603851710 0.14161 4
1729603869160 0.16803 5
1729603886598 0.18874 6
1729603903737 0.19345 7
1729603922299 0.19821 8
1729603940238 0.20277 9
1729603957589 0.19973 10
1729603974771 0.20466 11
1729603993060 0.21406 12
1729604012914 0.2752 13
1729604031438 0.26643 14
1729604049127 0.23148 15
1729604066924 0.23228 16
1729604084727 0.24487 17
1729604102615 0.23176 18
1729604120988 0.23675 19
1729604139095 0.24508 20
1729604157620 0.25728 21
1729604175826 0.25834 22
1729604194106 0.28588 23
1729604212361 0.29291 24
1729604230527 0.26667 25
1729604249076 0.21979 26
1729604266904 0.22612 27
1729604285313 0.22675 28
1729604303508 0.23281 29
1729604321743 0.22483 30
1729604340335 0.25262 31
1729604359127 0.2412 32
1729604378489 0.21546 33
1729604396683 0.20679 34
1729604414847 0.20559 35
1729604433237 0.20496 36
1729604451176 0.22256 37
1729604469532 0.26677 38
1729604487763 0.27205 39
1729604506037 0.29198 40
1729604524757 0.30987 41
1729604543162 0.29694 42
1729604561198 0.30949 43
1729604579442 0.30567 44
1729604597533 0.2948 45
1729604615829 0.2959 46
1729604633925 0.29574 47
1729604652745 0.3062 48
1729604671663 0.30112 49
1729604689799 0.33547 50
1729604707893 0.34652 51
1729604726082 0.34146 52
1729604744172 0.35424 53
1729604762052 0.33638 54
1729604780086 0.31577 55
1729604798189 0.30698 56
1729604816245 0.30295 57
1729604834072 0.32977 58
1729604852920 0.34309 59
1729604871147 0.35554 60
1729604889629 0.34736 61
1729604907947 0.3496 62
1729604925894 0.3498 63
1729604944078 0.34254 64
1729604962783 0.35084 65
1729604981379 0.35061 66
1729604999621 0.34533 67
1729605017501 0.32069 68
1729605035457 0.32075 69
1729605053163 0.31552 70
1729605071029 0.32298 71
1729605089304 0.30915 72
1729605107696 0.32306 73
1729605125351 0.33047 74
1729605143367 0.34642 75
1729605161092 0.34321 76
1729605179268 0.34126 77
1729605197301 0.33615 78
1729605215533 0.33421 79
1729605233831 0.32936 80
1729605252730 0.32949 81
1729605270744 0.32609 82
1729605288902 0.32045 83
1729605306874 0.31863 84
1729605324982 0.325 85
1729605343776 0.32851 86
1729605361497 0.3265 87
1729605379830 0.33948 88
1729605399819 0.33821 89
1729605417686 0.35253 90
1729605434809 0.34412 91
1729605452395 0.36474 92
1729605469415 0.37196 93
1729605486567 0.40368 94
1729605504102 0.41962 95
1729605521074 0.40982 96
1729605539771 0.35948 97
1729605558664 0.35324 98
1729605577019 0.34099 99
1729605582379 0.4200572919807567 99
