1729603781697 0.00324 0
1729603799762 0.01942 1
1729603817101 0.0409 2
1729603834664 0.07118 3
1729603851710 0.07373 4
1729603869160 0.08836 5
1729603886598 0.1007 6
1729603903737 0.10707 7
1729603922299 0.11131 8
1729603940238 0.11652 9
1729603957589 0.11253 10
1729603974771 0.10533 11
1729603993060 0.1104 12
1729604012914 0.15898 13
1729604031438 0.15098 14
1729604049127 0.12689 15
1729604066924 0.12671 16
1729604084727 0.12984 17
1729604102615 0.12484 18
1729604120988 0.12821 19
1729604139095 0.14266 20
1729604157620 0.15035 21
1729604175826 0.13839 22
1729604194106 0.15612 23
1729604212361 0.16393 24
1729604230527 0.15026 25
1729604249076 0.11714 26
1729604266904 0.12117 27
1729604285313 0.12786 28
1729604303508 0.12368 29
1729604321743 0.11293 30
1729604340335 0.13613 31
1729604359127 0.14133 32
1729604378489 0.12383 33
1729604396683 0.1163 34
1729604414847 0.12167 35
1729604433237 0.11664 36
1729604451176 0.1268 37
1729604469532 0.16372 38
1729604487763 0.16444 39
1729604506037 0.1691 40
1729604524757 0.18119 41
1729604543162 0.17403 42
1729604561198 0.17991 43
1729604579442 0.17969 44
1729604597533 0.17158 45
1729604615829 0.17528 46
1729604633925 0.17365 47
1729604652745 0.17181 48
1729604671663 0.16726 49
1729604689799 0.19246 50
1729604707893 0.19395 51
1729604726082 0.19169 52
1729604744172 0.20282 53
1729604762052 0.18658 54
1729604780086 0.17264 55
1729604798189 0.17191 56
1729604816245 0.17314 57
1729604834072 0.19183 58
1729604852920 0.19904 59
1729604871147 0.20349 60
1729604889629 0.2036 61
1729604907947 0.21485 62
1729604925894 0.2106 63
1729604944078 0.20796 64
1729604962783 0.21202 65
1729604981379 0.21 66
1729604999621 0.21424 67
1729605017501 0.20237 68
1729605035457 0.19815 69
1729605053163 0.19057 70
1729605071029 0.19616 71
1729605089304 0.19179 72
1729605107696 0.19583 73
1729605125351 0.20543 74
1729605143367 0.21657 75
1729605161092 0.21325 76
1729605179268 0.2 77
1729605197301 0.18949 78
1729605215533 0.18408 79
1729605233831 0.18524 80
1729605252730 0.18967 81
1729605270744 0.19093 82
1729605288902 0.17704 83
1729605306874 0.17455 84
1729605324982 0.17295 85
1729605343776 0.18535 86
1729605361497 0.18654 87
1729605379830 0.20311 88
1729605399819 0.20157 89
1729605417686 0.20456 90
1729605434809 0.2037 91
1729605452395 0.21602 92
1729605469415 0.2253 93
1729605486567 0.25012 94
1729605504102 0.25823 95
1729605521074 0.2532 96
1729605539771 0.22285 97
1729605558664 0.21376 98
1729605577019 0.20336 99
1729605582379 0.25827548441526826 99
