1729603781697 0.00949 0
1729603799762 0.01598 1
1729603817101 0.02518 2
1729603834664 0.03583 3
1729603851710 0.03844 4
1729603869160 0.04215 5
1729603886598 0.95833 6
1729603903737 0.92437 7
1729603922299 0.91063 8
1729603940238 0.91267 9
1729603957589 0.63858 10
1729603974771 0.62749 11
1729603993060 0.63392 12
1729604012914 0.62189 13
1729604031438 0.62186 14
1729604049127 0.92303 15
1729604066924 0.93103 16
1729604084727 0.61559 17
1729604102615 0.41966 18
1729604120988 0.42423 19
1729604139095 0.39061 20
1729604157620 0.63481 21
1729604175826 0.54282 22
1729604194106 0.5804 23
1729604212361 0.43985 24
1729604230527 0.4491 25
1729604249076 0.43754 26
1729604266904 0.38331 27
1729604285313 0.39421 28
1729604303508 0.38289 29
1729604321743 0.37028 30
1729604340335 0.46998 31
1729604359127 0.6525 32
1729604378489 0.65829 33
1729604396683 0.65341 34
1729604414847 0.6625 35
1729604433237 0.68221 36
1729604451176 0.69586 37
1729604469532 0.7118 38
1729604487763 0.68994 39
1729604506037 0.55045 40
1729604524757 0.55598 41
1729604543162 0.60189 42
1729604561198 0.67033 43
1729604579442 0.54574 44
1729604597533 0.57885 45
1729604615829 0.55706 46
1729604633925 0.81998 47
1729604652745 0.77529 48
1729604671663 0.49609 49
1729604689799 0.82038 50
1729604707893 0.91073 51
1729604726082 0.79091 52
1729604744172 0.8 53
1729604762052 0.80029 54
1729604780086 0.76384 55
1729604798189 0.75486 56
1729604816245 0.73684 57
1729604834072 0.73977 58
1729604852920 0.79675 59
1729604871147 0.94232 60
1729604889629 0.50255 61
1729604907947 0.54242 62
1729604925894 0.30905 63
1729604944078 0.25922 64
1729604962783 0.31928 65
1729604981379 0.3058 66
1729604999621 0.29912 67
1729605017501 0.3408 68
1729605035457 0.3581 69
1729605053163 0.32575 70
1729605071029 0.28075 71
1729605089304 0.29095 72
1729605107696 0.3389 73
1729605125351 0.33727 74
1729605143367 0.3386 75
1729605161092 0.34539 76
1729605179268 0.37944 77
1729605197301 0.33604 78
1729605215533 0.29848 79
1729605233831 0.34994 80
1729605252730 0.60746 81
1729605270744 0.6578 82
1729605288902 0.64376 83
1729605306874 0.61764 84
1729605324982 0.61823 85
1729605343776 0.28949 86
1729605361497 0.30794 87
1729605379830 0.24567 88
1729605399819 0.25664 89
1729605417686 0.31945 90
1729605434809 0.30645 91
1729605452395 0.3122 92
1729605469415 0.31521 93
1729605486567 0.38323 94
1729605504102 0.75056 95
1729605521074 0.78016 96
1729605539771 0.67938 97
1729605558664 0.65893 98
1729605577019 0.3369 99
1729605582379 0.7559081194929065 99
