1729603781697 0.26351 0
1729603799762 0.42126 1
1729603817101 0.62759 2
1729603834664 0.74368 3
1729603851710 0.87557 4
1729603869160 0.68621 5
1729603886598 0.10344 6
1729603903737 0.12721 7
1729603922299 0.1569 8
1729603940238 0.16379 9
1729603957589 0.30776 10
1729603974771 0.23678 11
1729603993060 0.24228 12
1729604012914 0.39626 13
1729604031438 0.36839 14
1729604049127 0.17414 15
1729604066924 0.17199 16
1729604084727 0.36839 17
1729604102615 0.41351 18
1729604120988 0.33534 19
1729604139095 0.325 20
1729604157620 0.27816 21
1729604175826 0.3319 22
1729604194106 0.37874 23
1729604212361 0.42725 24
1729604230527 0.46207 25
1729604249076 0.36494 26
1729604266904 0.32661 27
1729604285313 0.34497 28
1729604303508 0.30903 29
1729604321743 0.29885 30
1729604340335 0.32759 31
1729604359127 0.28851 32
1729604378489 0.27299 33
1729604396683 0.21408 34
1729604414847 0.20374 35
1729604433237 0.2454 36
1729604451176 0.29569 37
1729604469532 0.35115 38
1729604487763 0.39347 39
1729604506037 0.28506 40
1729604524757 0.3218 41
1729604543162 0.24303 42
1729604561198 0.28541 43
1729604579442 0.24885 44
1729604597533 0.2454 45
1729604615829 0.20631 46
1729604633925 0.20546 47
1729604652745 0.22787 48
1729604671663 0.24654 49
1729604689799 0.28161 50
1729604707893 0.27514 51
1729604726082 0.23937 52
1729604744172 0.24511 53
1729604762052 0.24506 54
1729604780086 0.26924 55
1729604798189 0.28333 56
1729604816245 0.28057 57
1729604834072 0.27471 58
1729604852920 0.26954 59
1729604871147 0.25828 60
1729604889629 0.27471 61
1729604907947 0.30882 62
1729604925894 0.35287 63
1729604944078 0.31641 64
1729604962783 0.42746 65
1729604981379 0.44033 66
1729604999621 0.34224 67
1729605017501 0.28619 68
1729605035457 0.32196 69
1729605053163 0.28161 70
1729605071029 0.31983 71
1729605089304 0.38357 72
1729605107696 0.39801 73
1729605125351 0.39484 74
1729605143367 0.38472 75
1729605161092 0.34518 76
1729605179268 0.35632 77
1729605197301 0.32297 78
1729605215533 0.33534 79
1729605233831 0.28678 80
1729605252730 0.28678 81
1729605270744 0.28161 82
1729605288902 0.28161 83
1729605306874 0.27816 84
1729605324982 0.27471 85
1729605343776 0.30266 86
1729605361497 0.31638 87
1729605379830 0.36322 88
1729605399819 0.36494 89
1729605417686 0.52703 90
1729605434809 0.52471 91
1729605452395 0.54556 92
1729605469415 0.42414 93
1729605486567 0.41379 94
1729605504102 0.35833 95
1729605521074 0.33678 96
1729605539771 0.30312 97
1729605558664 0.30287 98
1729605577019 0.36695 99
1729605582379 0.35833333333333334 99
