1729607891665 0.00324 0
1729607910428 0.01942 1
1729607930462 0.0409 2
1729607949802 0.07118 3
1729607968748 0.07373 4
1729607989007 0.08836 5
1729608008449 0.1007 6
1729608031240 0.10707 7
1729608052419 0.11131 8
1729608071696 0.11652 9
1729608091738 0.11253 10
1729608111723 0.10533 11
1729608132112 0.1104 12
1729608150379 0.15898 13
1729608167766 0.15098 14
1729608185096 0.12689 15
1729608202912 0.12671 16
1729608222824 0.12984 17
1729608242935 0.12484 18
1729608263319 0.12821 19
1729608283728 0.14266 20
1729608302826 0.15035 21
1729608321528 0.13839 22
1729608339900 0.15612 23
1729608359611 0.16393 24
1729608378795 0.15026 25
1729608396886 0.11714 26
1729608416234 0.12117 27
1729608436739 0.12786 28
1729608457007 0.12368 29
1729608477550 0.11293 30
1729608501268 0.13613 31
1729608523020 0.14133 32
1729608543071 0.12383 33
1729608561365 0.1163 34
1729608579450 0.12167 35
1729608597524 0.11664 36
1729608615493 0.1268 37
1729608633776 0.16372 38
1729608653044 0.16444 39
1729608671316 0.1691 40
1729608689717 0.18119 41
1729608707756 0.17403 42
1729608725813 0.17991 43
1729608744622 0.17969 44
1729608762621 0.17158 45
1729608780809 0.17528 46
1729608799003 0.17365 47
1729608817835 0.17181 48
1729608837413 0.16726 49
1729608857526 0.19246 50
1729608877231 0.19395 51
1729608895615 0.19169 52
1729608915677 0.20282 53
1729608934188 0.18658 54
1729608953926 0.17264 55
1729608972925 0.17191 56
1729608991551 0.17314 57
1729609011857 0.19183 58
1729609030807 0.19904 59
1729609049287 0.20349 60
1729609067254 0.2036 61
1729609085877 0.21485 62
1729609102774 0.2106 63
1729609120213 0.20796 64
1729609137172 0.21202 65
1729609155136 0.21 66
1729609173786 0.21424 67
1729609191774 0.20237 68
1729609209877 0.19815 69
1729609228044 0.19057 70
1729609246317 0.19616 71
1729609266844 0.19179 72
1729609286061 0.19583 73
1729609304751 0.20543 74
1729609323399 0.21657 75
1729609341725 0.21325 76
1729609360533 0.2 77
1729609379527 0.18949 78
1729609397747 0.18408 79
1729609416147 0.18524 80
1729609434658 0.18967 81
1729609453864 0.19093 82
1729609473101 0.17704 83
1729609492508 0.17455 84
1729609512284 0.17295 85
1729609531163 0.18535 86
1729609549048 0.18654 87
1729609567319 0.20311 88
1729609586624 0.20157 89
1729609604359 0.20456 90
1729609621866 0.2037 91
1729609639768 0.21602 92
1729609658068 0.2253 93
1729609676473 0.25012 94
1729609695373 0.25823 95
1729609713488 0.2532 96
1729609732472 0.22285 97
1729609750371 0.21376 98
1729609768086 0.20336 99
1729609773874 0.25827548441526826 99
