1729607891665 0.0078 0
1729607910428 0.04053 1
1729607930462 0.08578 2
1729607949802 0.13556 3
1729607968748 0.14161 4
1729607989007 0.16803 5
1729608008449 0.18874 6
1729608031240 0.19345 7
1729608052419 0.19821 8
1729608071696 0.20277 9
1729608091738 0.19973 10
1729608111723 0.20466 11
1729608132112 0.21406 12
1729608150379 0.2752 13
1729608167766 0.26643 14
1729608185096 0.23148 15
1729608202912 0.23228 16
1729608222824 0.24487 17
1729608242935 0.23176 18
1729608263319 0.23675 19
1729608283728 0.24508 20
1729608302826 0.25728 21
1729608321528 0.25834 22
1729608339900 0.28588 23
1729608359611 0.29291 24
1729608378795 0.26667 25
1729608396886 0.21979 26
1729608416234 0.22612 27
1729608436739 0.22675 28
1729608457007 0.23281 29
1729608477550 0.22483 30
1729608501268 0.25262 31
1729608523020 0.2412 32
1729608543071 0.21546 33
1729608561365 0.20679 34
1729608579450 0.20559 35
1729608597524 0.20496 36
1729608615493 0.22256 37
1729608633776 0.26677 38
1729608653044 0.27205 39
1729608671316 0.29198 40
1729608689717 0.30987 41
1729608707756 0.29694 42
1729608725813 0.30949 43
1729608744622 0.30567 44
1729608762621 0.2948 45
1729608780809 0.2959 46
1729608799003 0.29574 47
1729608817835 0.3062 48
1729608837413 0.30112 49
1729608857526 0.33547 50
1729608877231 0.34652 51
1729608895615 0.34146 52
1729608915677 0.35424 53
1729608934188 0.33638 54
1729608953926 0.31577 55
1729608972925 0.30698 56
1729608991551 0.30295 57
1729609011857 0.32977 58
1729609030807 0.34309 59
1729609049287 0.35554 60
1729609067254 0.34736 61
1729609085877 0.3496 62
1729609102774 0.3498 63
1729609120213 0.34254 64
1729609137172 0.35084 65
1729609155136 0.35061 66
1729609173786 0.34533 67
1729609191774 0.32069 68
1729609209877 0.32075 69
1729609228044 0.31552 70
1729609246317 0.32298 71
1729609266844 0.30915 72
1729609286061 0.32306 73
1729609304751 0.33047 74
1729609323399 0.34642 75
1729609341725 0.34321 76
1729609360533 0.34126 77
1729609379527 0.33615 78
1729609397747 0.33421 79
1729609416147 0.32936 80
1729609434658 0.32949 81
1729609453864 0.32609 82
1729609473101 0.32045 83
1729609492508 0.31863 84
1729609512284 0.325 85
1729609531163 0.32851 86
1729609549048 0.3265 87
1729609567319 0.33948 88
1729609586624 0.33821 89
1729609604359 0.35253 90
1729609621866 0.34412 91
1729609639768 0.36474 92
1729609658068 0.37196 93
1729609676473 0.40368 94
1729609695373 0.41962 95
1729609713488 0.40982 96
1729609732472 0.35948 97
1729609750371 0.35324 98
1729609768086 0.34099 99
1729609773874 0.4200572919807567 99
