1729607891665 0.00949 0
1729607910428 0.01598 1
1729607930462 0.02518 2
1729607949802 0.03583 3
1729607968748 0.03844 4
1729607989007 0.04215 5
1729608008449 0.95833 6
1729608031240 0.92437 7
1729608052419 0.91063 8
1729608071696 0.91267 9
1729608091738 0.63858 10
1729608111723 0.62749 11
1729608132112 0.63392 12
1729608150379 0.62189 13
1729608167766 0.62186 14
1729608185096 0.92303 15
1729608202912 0.93103 16
1729608222824 0.61559 17
1729608242935 0.41966 18
1729608263319 0.42423 19
1729608283728 0.39061 20
1729608302826 0.63481 21
1729608321528 0.54282 22
1729608339900 0.5804 23
1729608359611 0.43985 24
1729608378795 0.4491 25
1729608396886 0.43754 26
1729608416234 0.38331 27
1729608436739 0.39421 28
1729608457007 0.38289 29
1729608477550 0.37028 30
1729608501268 0.46998 31
1729608523020 0.6525 32
1729608543071 0.65829 33
1729608561365 0.65341 34
1729608579450 0.6625 35
1729608597524 0.68221 36
1729608615493 0.69586 37
1729608633776 0.7118 38
1729608653044 0.68994 39
1729608671316 0.55045 40
1729608689717 0.55598 41
1729608707756 0.60189 42
1729608725813 0.67033 43
1729608744622 0.54574 44
1729608762621 0.57885 45
1729608780809 0.55706 46
1729608799003 0.81998 47
1729608817835 0.77529 48
1729608837413 0.49609 49
1729608857526 0.82038 50
1729608877231 0.91073 51
1729608895615 0.79091 52
1729608915677 0.8 53
1729608934188 0.80029 54
1729608953926 0.76384 55
1729608972925 0.75486 56
1729608991551 0.73684 57
1729609011857 0.73977 58
1729609030807 0.79675 59
1729609049287 0.94232 60
1729609067254 0.50255 61
1729609085877 0.54242 62
1729609102774 0.30905 63
1729609120213 0.25922 64
1729609137172 0.31928 65
1729609155136 0.3058 66
1729609173786 0.29912 67
1729609191774 0.3408 68
1729609209877 0.3581 69
1729609228044 0.32575 70
1729609246317 0.28075 71
1729609266844 0.29095 72
1729609286061 0.3389 73
1729609304751 0.33727 74
1729609323399 0.3386 75
1729609341725 0.34539 76
1729609360533 0.37944 77
1729609379527 0.33604 78
1729609397747 0.29848 79
1729609416147 0.34994 80
1729609434658 0.60746 81
1729609453864 0.6578 82
1729609473101 0.64376 83
1729609492508 0.61764 84
1729609512284 0.61823 85
1729609531163 0.28949 86
1729609549048 0.30794 87
1729609567319 0.24567 88
1729609586624 0.25664 89
1729609604359 0.31945 90
1729609621866 0.30645 91
1729609639768 0.3122 92
1729609658068 0.31521 93
1729609676473 0.38323 94
1729609695373 0.75056 95
1729609713488 0.78016 96
1729609732472 0.67938 97
1729609750371 0.65893 98
1729609768086 0.3369 99
1729609773874 0.7559081194929065 99
