1729607891665 0.26351 0
1729607910428 0.42126 1
1729607930462 0.62759 2
1729607949802 0.74368 3
1729607968748 0.87557 4
1729607989007 0.68621 5
1729608008449 0.10344 6
1729608031240 0.12721 7
1729608052419 0.1569 8
1729608071696 0.16379 9
1729608091738 0.30776 10
1729608111723 0.23678 11
1729608132112 0.24228 12
1729608150379 0.39626 13
1729608167766 0.36839 14
1729608185096 0.17414 15
1729608202912 0.17199 16
1729608222824 0.36839 17
1729608242935 0.41351 18
1729608263319 0.33534 19
1729608283728 0.325 20
1729608302826 0.27816 21
1729608321528 0.3319 22
1729608339900 0.37874 23
1729608359611 0.42725 24
1729608378795 0.46207 25
1729608396886 0.36494 26
1729608416234 0.32661 27
1729608436739 0.34497 28
1729608457007 0.30903 29
1729608477550 0.29885 30
1729608501268 0.32759 31
1729608523020 0.28851 32
1729608543071 0.27299 33
1729608561365 0.21408 34
1729608579450 0.20374 35
1729608597524 0.2454 36
1729608615493 0.29569 37
1729608633776 0.35115 38
1729608653044 0.39347 39
1729608671316 0.28506 40
1729608689717 0.3218 41
1729608707756 0.24303 42
1729608725813 0.28541 43
1729608744622 0.24885 44
1729608762621 0.2454 45
1729608780809 0.20631 46
1729608799003 0.20546 47
1729608817835 0.22787 48
1729608837413 0.24654 49
1729608857526 0.28161 50
1729608877231 0.27514 51
1729608895615 0.23937 52
1729608915677 0.24511 53
1729608934188 0.24506 54
1729608953926 0.26924 55
1729608972925 0.28333 56
1729608991551 0.28057 57
1729609011857 0.27471 58
1729609030807 0.26954 59
1729609049287 0.25828 60
1729609067254 0.27471 61
1729609085877 0.30882 62
1729609102774 0.35287 63
1729609120213 0.31641 64
1729609137172 0.42746 65
1729609155136 0.44033 66
1729609173786 0.34224 67
1729609191774 0.28619 68
1729609209877 0.32196 69
1729609228044 0.28161 70
1729609246317 0.31983 71
1729609266844 0.38357 72
1729609286061 0.39801 73
1729609304751 0.39484 74
1729609323399 0.38472 75
1729609341725 0.34518 76
1729609360533 0.35632 77
1729609379527 0.32297 78
1729609397747 0.33534 79
1729609416147 0.28678 80
1729609434658 0.28678 81
1729609453864 0.28161 82
1729609473101 0.28161 83
1729609492508 0.27816 84
1729609512284 0.27471 85
1729609531163 0.30266 86
1729609549048 0.31638 87
1729609567319 0.36322 88
1729609586624 0.36494 89
1729609604359 0.52703 90
1729609621866 0.52471 91
1729609639768 0.54556 92
1729609658068 0.42414 93
1729609676473 0.41379 94
1729609695373 0.35833 95
1729609713488 0.33678 96
1729609732472 0.30312 97
1729609750371 0.30287 98
1729609768086 0.36695 99
1729609773874 0.35833333333333334 99
