1729569348230 0.0027 0
1729569377675 0.02506 1
1729569406230 0.05672 2
1729569435482 0.06468 3
1729569464886 0.07625 4
1729569494825 0.08187 5
1729569524187 0.08616 6
1729569553660 0.09219 7
1729569583168 0.09115 8
1729569612348 0.08593 9
1729569642182 0.08125 10
1729569672746 0.10205 11
1729569702188 0.10187 12
1729569732618 0.09298 13
1729569761965 0.09244 14
1729569791774 0.09546 15
1729569820528 0.09838 16
1729569849190 0.09994 17
1729569877931 0.09692 18
1729569906716 0.09473 19
1729569935484 0.09636 20
1729569963788 0.09446 21
1729569992429 0.10022 22
1729570022089 0.08766 23
1729570052649 0.08947 24
1729570082072 0.09134 25
1729570112150 0.11217 26
1729570141568 0.09834 27
1729570171130 0.0979 28
1729570200602 0.08742 29
1729570229542 0.09466 30
1729570258349 0.11283 31
1729570286866 0.1152 32
1729570314878 0.11482 33
1729570343403 0.11256 34
1729570372348 0.1225 35
1729570403066 0.12749 36
1729570432425 0.12225 37
1729570461638 0.11126 38
1729570491269 0.11195 39
1729570519844 0.11448 40
1729570548912 0.11486 41
1729570577745 0.11496 42
1729570606713 0.11802 43
1729570635382 0.11644 44
1729570664189 0.11759 45
1729570693879 0.12468 46
1729570722720 0.12354 47
1729570752335 0.12225 48
1729570781740 0.12099 49
1729570788893 0.1276252628207387 49
