1729569348230 0.00796 0
1729569377675 0.06013 1
1729569406230 0.10593 2
1729569435482 0.1193 3
1729569464886 0.13861 4
1729569494825 0.14346 5
1729569524187 0.1384 6
1729569553660 0.15371 7
1729569583168 0.14926 8
1729569612348 0.14218 9
1729569642182 0.14593 10
1729569672746 0.16785 11
1729569702188 0.16561 12
1729569732618 0.15218 13
1729569761965 0.14739 14
1729569791774 0.15319 15
1729569820528 0.15809 16
1729569849190 0.15687 17
1729569877931 0.15717 18
1729569906716 0.15533 19
1729569935484 0.15844 20
1729569963788 0.15776 21
1729569992429 0.15826 22
1729570022089 0.15538 23
1729570052649 0.15317 24
1729570082072 0.15021 25
1729570112150 0.17113 26
1729570141568 0.15398 27
1729570171130 0.15941 28
1729570200602 0.15311 29
1729570229542 0.16371 30
1729570258349 0.18298 31
1729570286866 0.18192 32
1729570314878 0.18123 33
1729570343403 0.17432 34
1729570372348 0.18927 35
1729570403066 0.20087 36
1729570432425 0.19295 37
1729570461638 0.17827 38
1729570491269 0.17722 39
1729570519844 0.18367 40
1729570548912 0.19093 41
1729570577745 0.19983 42
1729570606713 0.2035 43
1729570635382 0.20852 44
1729570664189 0.20655 45
1729570693879 0.212 46
1729570722720 0.21733 47
1729570752335 0.21971 48
1729570781740 0.2207 49
1729570788893 0.20095143314981848 49
