1729569348230 0.00535 0
1729569377675 0.01035 1
1729569406230 0.01465 2
1729569435482 0.01746 3
1729569464886 0.02365 4
1729569494825 0.87891 5
1729569524187 0.91116 6
1729569553660 0.91968 7
1729569583168 0.72517 8
1729569612348 0.71451 9
1729569642182 0.69458 10
1729569672746 0.7171 11
1729569702188 0.73398 12
1729569732618 0.91377 13
1729569761965 0.90439 14
1729569791774 0.70618 15
1729569820528 0.49845 16
1729569849190 0.4975 17
1729569877931 0.92706 18
1729569906716 0.9085 19
1729569935484 0.91725 20
1729569963788 0.90336 21
1729569992429 0.90033 22
1729570022089 0.90112 23
1729570052649 0.90433 24
1729570082072 0.9054 25
1729570112150 0.90188 26
1729570141568 0.91005 27
1729570171130 0.92008 28
1729570200602 0.69283 29
1729570229542 0.7086 30
1729570258349 0.68599 31
1729570286866 0.69169 32
1729570314878 0.69157 33
1729570343403 0.92804 34
1729570372348 0.91836 35
1729570403066 0.70425 36
1729570432425 0.70697 37
1729570461638 0.7071 38
1729570491269 0.7041 39
1729570519844 0.49754 40
1729570548912 0.93992 41
1729570577745 0.93111 42
1729570606713 0.88329 43
1729570635382 0.8861 44
1729570664189 0.68898 45
1729570693879 0.69152 46
1729570722720 0.62514 47
1729570752335 0.54447 48
1729570781740 0.54354 49
1729570788893 0.7042490322000113 49
