1729569348230 0.27304 0
1729569377675 0.70196 1
1729569406230 0.83152 2
1729569435482 0.84717 3
1729569464886 0.88609 4
1729569494825 0.16522 5
1729569524187 0.10609 6
1729569553660 0.13476 7
1729569583168 0.16761 8
1729569612348 0.16661 9
1729569642182 0.185 10
1729569672746 0.19196 11
1729569702188 0.19717 12
1729569732618 0.15478 13
1729569761965 0.14435 14
1729569791774 0.15548 15
1729569820528 0.20065 16
1729569849190 0.22565 17
1729569877931 0.14845 18
1729569906716 0.16293 19
1729569935484 0.14783 20
1729569963788 0.16368 21
1729569992429 0.1558 22
1729570022089 0.15652 23
1729570052649 0.14957 24
1729570082072 0.14261 25
1729570112150 0.1513 26
1729570141568 0.12128 27
1729570171130 0.11304 28
1729570200602 0.18937 29
1729570229542 0.20304 30
1729570258349 0.16397 31
1729570286866 0.1687 32
1729570314878 0.17739 33
1729570343403 0.12 34
1729570372348 0.14783 35
1729570403066 0.16348 36
1729570432425 0.15797 37
1729570461638 0.14957 38
1729570491269 0.15652 39
1729570519844 0.16522 40
1729570548912 0.13367 41
1729570577745 0.13739 42
1729570606713 0.15826 43
1729570635382 0.15826 44
1729570664189 0.15652 45
1729570693879 0.18326 46
1729570722720 0.20801 47
1729570752335 0.19717 48
1729570781740 0.20106 49
1729570788893 0.16347826086956524 49
