1729573742202 0.0 0
1729573748119 0.0 1
1729573753955 0.00433 2
1729573759587 0.03519 3
1729573766419 0.11552 4
1729573773490 0.15184 5
1729573781319 0.16533 6
1729573788658 0.17562 7
1729573795628 0.20715 8
1729573803954 0.21617 9
1729573810474 0.18647 10
1729573817275 0.18737 11
1729573825355 0.19482 12
1729573833034 0.19488 13
1729573841830 0.2125 14
1729573850766 0.21227 15
1729573858558 0.17589 16
1729573865407 0.16937 17
1729573872259 0.16642 18
1729573879418 0.13015 19
1729573885855 0.14695 20
1729573892532 0.17174 21
1729573898993 0.18537 22
1729573905665 0.19172 23
1729573912926 0.19354 24
1729573919636 0.1962 25
1729573926405 0.1891 26
1729573932943 0.2095 27
1729573939358 0.21727 28
1729573945806 0.21226 29
1729573952261 0.2086 30
1729573958874 0.20759 31
1729573965551 0.2091 32
1729573972055 0.23047 33
1729573978903 0.23443 34
1729573985527 0.19314 35
1729573992138 0.18761 36
1729573998504 0.1821 37
1729574005424 0.18343 38
1729574012085 0.21198 39
1729574018384 0.22195 40
1729574025060 0.20524 41
1729574031871 0.20027 42
1729574038466 0.19159 43
1729574044960 0.202 44
1729574051222 0.21215 45
1729574057581 0.20848 46
1729574064402 0.19574 47
1729574070795 0.19034 48
1729574077653 0.18579 49
1729574083951 0.17116 50
1729574090709 0.18188 51
1729574097513 0.18166 52
1729574103980 0.19011 53
1729574110336 0.19638 54
1729574116608 0.19632 55
1729574123013 0.19109 56
1729574129719 0.19402 57
1729574136338 0.19574 58
1729574142708 0.19212 59
1729574149239 0.19475 60
1729574156024 0.21383 61
1729574162819 0.21321 62
1729574170408 0.20705 63
1729574176871 0.21078 64
1729574183922 0.20564 65
1729574190705 0.2101 66
1729574197035 0.21279 67
1729574203568 0.21213 68
1729574210085 0.21224 69
1729574216187 0.21425 70
1729574222406 0.23707 71
1729574228553 0.24075 72
1729574234618 0.23697 73
1729574240940 0.23491 74
1729574247397 0.23764 75
1729574253709 0.23786 76
1729574259921 0.2431 77
1729574266133 0.24971 78
1729574272389 0.24927 79
1729574278470 0.23103 80
1729574284643 0.23213 81
1729574290849 0.23216 82
1729574297573 0.23504 83
1729574304618 0.24189 84
1729574311504 0.24379 85
1729574318388 0.2466 86
1729574326090 0.26114 87
1729574334091 0.2587 88
1729574342762 0.26037 89
1729574349477 0.26221 90
1729574356270 0.28523 91
1729574362988 0.28618 92
1729574369327 0.28109 93
1729574375781 0.26409 94
1729574382914 0.22498 95
1729574389227 0.21622 96
1729574395756 0.21584 97
1729574401980 0.21639 98
1729574408140 0.21735 99
1729574412893 0.2855381432063527 99
