1729573742202 0.0 0
1729573748119 0.0 1
1729573753955 0.00124 2
1729573759587 0.01738 3
1729573766419 0.05797 4
1729573773490 0.07385 5
1729573781319 0.08772 6
1729573788658 0.09698 7
1729573795628 0.11641 8
1729573803954 0.11712 9
1729573810474 0.0937 10
1729573817275 0.08734 11
1729573825355 0.08455 12
1729573833034 0.09067 13
1729573841830 0.10927 14
1729573850766 0.10894 15
1729573858558 0.0863 16
1729573865407 0.08882 17
1729573872259 0.08911 18
1729573879418 0.05828 19
1729573885855 0.06949 20
1729573892532 0.09231 21
1729573898993 0.09824 22
1729573905665 0.09729 23
1729573912926 0.09461 24
1729573919636 0.0921 25
1729573926405 0.09646 26
1729573932943 0.11562 27
1729573939358 0.12359 28
1729573945806 0.119 29
1729573952261 0.1187 30
1729573958874 0.12557 31
1729573965551 0.12806 32
1729573972055 0.14079 33
1729573978903 0.14602 34
1729573985527 0.10876 35
1729573992138 0.10679 36
1729573998504 0.10198 37
1729574005424 0.1025 38
1729574012085 0.11666 39
1729574018384 0.11845 40
1729574025060 0.11037 41
1729574031871 0.10829 42
1729574038466 0.10496 43
1729574044960 0.11044 44
1729574051222 0.11897 45
1729574057581 0.11835 46
1729574064402 0.1094 47
1729574070795 0.10487 48
1729574077653 0.09739 49
1729574083951 0.0888 50
1729574090709 0.0941 51
1729574097513 0.09854 52
1729574103980 0.102 53
1729574110336 0.10555 54
1729574116608 0.11028 55
1729574123013 0.11119 56
1729574129719 0.10979 57
1729574136338 0.10924 58
1729574142708 0.10506 59
1729574149239 0.10849 60
1729574156024 0.11956 61
1729574162819 0.12027 62
1729574170408 0.11253 63
1729574176871 0.1151 64
1729574183922 0.11258 65
1729574190705 0.11732 66
1729574197035 0.12558 67
1729574203568 0.12517 68
1729574210085 0.12686 69
1729574216187 0.12479 70
1729574222406 0.14172 71
1729574228553 0.14452 72
1729574234618 0.14412 73
1729574240940 0.14337 74
1729574247397 0.14577 75
1729574253709 0.14634 76
1729574259921 0.14998 77
1729574266133 0.15299 78
1729574272389 0.15202 79
1729574278470 0.13732 80
1729574284643 0.13833 81
1729574290849 0.13806 82
1729574297573 0.14203 83
1729574304618 0.14361 84
1729574311504 0.14308 85
1729574318388 0.14507 86
1729574326090 0.1549 87
1729574334091 0.15564 88
1729574342762 0.16155 89
1729574349477 0.16361 90
1729574356270 0.18078 91
1729574362988 0.17615 92
1729574369327 0.17089 93
1729574375781 0.16071 94
1729574382914 0.13072 95
1729574389227 0.12441 96
1729574395756 0.124 97
1729574401980 0.12497 98
1729574408140 0.12479 99
1729574412893 0.1805262448332992 99
