1729573742202 0.0 0
1729573748119 0.0 1
1729573753955 0.00337 2
1729573759587 0.04107 3
1729573766419 0.03986 4
1729573773490 0.03365 5
1729573781319 0.92987 6
1729573788658 0.92453 7
1729573795628 0.91373 8
1729573803954 0.91507 9
1729573810474 0.91755 10
1729573817275 0.90543 11
1729573825355 0.64822 12
1729573833034 0.63379 13
1729573841830 0.64789 14
1729573850766 0.65006 15
1729573858558 0.89996 16
1729573865407 0.89813 17
1729573872259 0.88447 18
1729573879418 0.60797 19
1729573885855 0.60469 20
1729573892532 0.36122 21
1729573898993 0.36165 22
1729573905665 0.42398 23
1729573912926 0.61185 24
1729573919636 0.6185 25
1729573926405 0.48437 26
1729573932943 0.38523 27
1729573939358 0.39994 28
1729573945806 0.47543 29
1729573952261 0.45497 30
1729573958874 0.66593 31
1729573965551 0.53054 32
1729573972055 0.51662 33
1729573978903 0.56198 34
1729573985527 0.38673 35
1729573992138 0.47864 36
1729573998504 0.46617 37
1729574005424 0.50209 38
1729574012085 0.63936 39
1729574018384 0.91167 40
1729574025060 0.90643 41
1729574031871 0.90922 42
1729574038466 0.90651 43
1729574044960 0.91822 44
1729574051222 0.64291 45
1729574057581 0.64263 46
1729574064402 0.64574 47
1729574070795 0.64442 48
1729574077653 0.63563 49
1729574083951 0.62854 50
1729574090709 0.64213 51
1729574097513 0.38597 52
1729574103980 0.38753 53
1729574110336 0.38855 54
1729574116608 0.39575 55
1729574123013 0.39391 56
1729574129719 0.65085 57
1729574136338 0.89907 58
1729574142708 0.88634 59
1729574149239 0.87584 60
1729574156024 0.67334 61
1729574162819 0.62034 62
1729574170408 0.65578 63
1729574176871 0.64994 64
1729574183922 0.64364 65
1729574190705 0.41686 66
1729574197035 0.48085 67
1729574203568 0.47884 68
1729574210085 0.48272 69
1729574216187 0.47893 70
1729574222406 0.48171 71
1729574228553 0.50358 72
1729574234618 0.52131 73
1729574240940 0.54748 74
1729574247397 0.64282 75
1729574253709 0.5157 76
1729574259921 0.47389 77
1729574266133 0.46656 78
1729574272389 0.45526 79
1729574278470 0.45775 80
1729574284643 0.45227 81
1729574290849 0.44848 82
1729574297573 0.41867 83
1729574304618 0.43899 84
1729574311504 0.43233 85
1729574318388 0.41488 86
1729574326090 0.44932 87
1729574334091 0.45871 88
1729574342762 0.45963 89
1729574349477 0.45731 90
1729574356270 0.44806 91
1729574362988 0.44477 92
1729574369327 0.45545 93
1729574375781 0.43954 94
1729574382914 0.40373 95
1729574389227 0.41654 96
1729574395756 0.41971 97
1729574401980 0.42005 98
1729574408140 0.41895 99
1729574412893 0.45667879426303 99
