1729573742202 0.0 0
1729573748119 0.0 1
1729573753955 0.04856 2
1729573759587 0.15862 3
1729573766419 0.33879 4
1729573773490 0.34052 5
1729573781319 0.10614 6
1729573788658 0.13956 7
1729573795628 0.14725 8
1729573803954 0.16552 9
1729573810474 0.17868 10
1729573817275 0.18137 11
1729573825355 0.18582 12
1729573833034 0.24167 13
1729573841830 0.17586 14
1729573850766 0.17414 15
1729573858558 0.15172 16
1729573865407 0.15543 17
1729573872259 0.15253 18
1729573879418 0.13276 19
1729573885855 0.15345 20
1729573892532 0.22615 21
1729573898993 0.23649 22
1729573905665 0.29408 23
1729573912926 0.24629 24
1729573919636 0.2454 25
1729573926405 0.30052 26
1729573932943 0.28504 27
1729573939358 0.3181 28
1729573945806 0.24615 29
1729573952261 0.1901 30
1729573958874 0.24713 31
1729573965551 0.34113 32
1729573972055 0.33736 33
1729573978903 0.29914 34
1729573985527 0.17414 35
1729573992138 0.21925 36
1729573998504 0.2227 37
1729574005424 0.2296 38
1729574012085 0.25891 39
1729574018384 0.20862 40
1729574025060 0.2 41
1729574031871 0.18793 42
1729574038466 0.18448 43
1729574044960 0.17586 44
1729574051222 0.20246 45
1729574057581 0.20842 46
1729574064402 0.2 47
1729574070795 0.19828 48
1729574077653 0.18276 49
1729574083951 0.16605 50
1729574090709 0.16379 51
1729574097513 0.16857 52
1729574103980 0.17759 53
1729574110336 0.18448 54
1729574116608 0.1931 55
1729574123013 0.18276 56
1729574129719 0.18103 57
1729574136338 0.16806 58
1729574142708 0.18276 59
1729574149239 0.18793 60
1729574156024 0.22058 61
1729574162819 0.20862 62
1729574170408 0.24856 63
1729574176871 0.23822 64
1729574183922 0.23895 65
1729574190705 0.23994 66
1729574197035 0.24302 67
1729574203568 0.24339 68
1729574210085 0.23994 69
1729574216187 0.23822 70
1729574222406 0.23822 71
1729574228553 0.22778 72
1729574234618 0.21753 73
1729574240940 0.20201 74
1729574247397 0.18663 75
1729574253709 0.19856 76
1729574259921 0.2158 77
1729574266133 0.23477 78
1729574272389 0.23994 79
1729574278470 0.23822 80
1729574284643 0.23994 81
1729574290849 0.24684 82
1729574297573 0.25284 83
1729574304618 0.29713 84
1729574311504 0.34224 85
1729574318388 0.34569 86
1729574326090 0.34627 87
1729574334091 0.34914 88
1729574342762 0.34569 89
1729574349477 0.34397 90
1729574356270 0.30393 91
1729574362988 0.29368 92
1729574369327 0.33494 93
1729574375781 0.28161 94
1729574382914 0.23649 95
1729574389227 0.23477 96
1729574395756 0.23649 97
1729574401980 0.23822 98
1729574408140 0.24167 99
1729574412893 0.31812244777454246 99
